Angles:  [0.01       0.10754977 0.20509954 0.30264931 0.40019908 0.49774885 0.59529862 0.69284839 0.79039816 0.88794793 0.9854977  1.08304747 1.18059725 1.27814702 1.37569679 1.47324656 1.57079633]
Meanfield results:
Builtin:  [-1.94658204 -2.00018416 -2.04177607 -2.07309727 -2.09625493 -2.11334208 -2.1260125  -2.13522529 -2.1419008  -2.14697689 -2.15048571 -2.15304453 -2.15497713 -2.15597218 -2.15702727 -2.15727958 -2.1576372 ]
DG-V   :  [-1.96004035 -2.0119444  -2.05185878 -2.08179128 -2.10394192 -2.12021404 -2.13187779 -2.14046554 -2.14705706 -2.15129374 -2.15472957 -2.15715256 -2.15882481 -2.16023488 -2.16103968 -2.16226262 -2.16287832]

MP2 correlation energy:
Builtin:  [-0.05134732 -0.04907972 -0.04698651 -0.04539892 -0.04427237 -0.04349396 -0.04296137 -0.04257715 -0.04229468 -0.04210947 -0.04196584 -0.04187594 -0.04183547 -0.04179157 -0.0418101  -0.0417959  -0.04181665]
DG-V   :  [-0.05967107 -0.05723098 -0.0550102  -0.05325556 -0.05190199 -0.0508451 -0.04999778 -0.04934054 -0.04896462 -0.04845575 -0.04819917 -0.04803915 -0.04796503 -0.04787532 -0.04783482 -0.04807504 -0.04837087]

CCSD correlation energy:
Builtin:  [-0.1093537  -0.087176   -0.07919244 -0.07465936 -0.07168031 -0.06964101 -0.06822067 -0.06717993 -0.06639839 -0.06584395 -0.06540048 -0.0650802 -0.06487001 -0.06467572 -0.06462017 -0.06453778 -0.06455517]
DG-V   :  [-0.11167059 -0.09239644 -0.08542367 -0.08131261 -0.07846369 -0.07635905 -0.07475047 -0.07353235 -0.07276519 -0.07191879 -0.0714438  -0.07110517 -0.07090944 -0.07076408 -0.07070395 -0.07103896 -0.07139098]
Nuclear Energy
[0.84182573 0.73575629 0.65657301 0.59577883 0.548335   0.51102499 0.48166326 0.45867803 0.44087671 0.42730868 0.41718439 0.40982973 0.40466388 0.40119336 0.39901661 0.3978344  0.3974613 ]
====================
Electronic CCSD energy (DG-V)
[-2.91353667 -2.84009713 -2.79385546 -2.75888271 -2.73074061 -2.70759808 -2.68829152 -2.67267593 -2.66069896 -2.6505212  -2.64335776 -2.63808746 -2.63439814 -2.63219232 -2.63076024 -2.63113598 -2.6317306 ]
