####################
Angles:  [0.01       0.10754977 0.20509954 0.30264931 0.40019908 0.49774885 0.59529862 0.69284839 0.79039816 0.88794793 0.9854977  1.08304747 1.18059725 1.27814702 1.37569679 1.47324656 1.57079633]
Meanfield results:
Builtin:  [-1.94658204 -2.00018416 -2.04177607 -2.07309727 -2.09625493 -2.11334208 -2.1260125  -2.13522529 -2.1419008  -2.14697689 -2.15048571 -2.15304453 -2.15497713 -2.15597218 -2.15702727 -2.15727958 -2.1576372 ]
DG-V   :  [-1.63247142 -1.58374433 -1.71371223 -1.82329724 -1.89053049 -1.93423244 -1.95682922 -1.9691462  -1.97293184 -1.93405774 -1.9413871  -1.95512964 -1.97158307 -1.98682314 -2.07830202 -2.1332618  -2.13623653]

MP2 correlation energy:
Builtin:  [-0.05134732 -0.04907972 -0.04698651 -0.04539892 -0.04427237 -0.04349396 -0.04296137 -0.04257715 -0.04229468 -0.04210947 -0.04196584 -0.04187594 -0.04183547 -0.04179157 -0.0418101  -0.0417959  -0.04181665]
DG-V   :  [-0.04878135 -0.04250077 -0.05325727 -0.0519366  -0.05047439 -0.04880299 -0.04798586 -0.04714289 -0.04699376 -0.04714801 -0.04652214 -0.04575567 -0.04456244 -0.04407839 -0.04563281 -0.04688024 -0.04692329]

CCSD correlation energy:
Builtin:  [-0.1093537  -0.087176   -0.07919244 -0.07465936 -0.07168031 -0.06964101 -0.06822067 -0.06717993 -0.06639839 -0.06584395 -0.06540048 -0.0650802 -0.06487001 -0.06467572 -0.06462017 -0.06453778 -0.06455517]
DG-V   :  [-0.07149689 -0.0574079  -0.09533291 -0.08412235 -0.07923631 -0.07517648 -0.07342139 -0.07170942 -0.071387   -0.07245331 -0.07146353 -0.07012482 -0.06763318 -0.06641992 -0.0681769  -0.06953099 -0.06945558]
Nuclear Energy
[0.84182573 0.73575629 0.65657301 0.59577883 0.548335   0.51102499 0.48166326 0.45867803 0.44087671 0.42730868 0.41718439 0.40982973 0.40466388 0.40119336 0.39901661 0.3978344  0.3974613 ]
====================
Electronic CCSD energy (DG-V)
[-2.54579404 -2.37690853 -2.46561814 -2.50319842 -2.5181018  -2.52043391 -2.51191387 -2.49953365 -2.48519555 -2.43381973 -2.43003502 -2.43508419 -2.44388014 -2.45443642 -2.54549553 -2.6006272  -2.6031534 ]

