Computing L-box effect for HF and MP2:
Box size:
[12, 12, 12] x [12, 12, 12] x [12, 12, 12]
Box discretization:
60 x 60 x 60
Rotation angle:[1.04719755]
Relative truncation in SVD:
0.9
AO basis:
ccpvdz
Shift along the X-coordinate: [0.    0.005 0.01  0.015 0.02  0.025 0.03  0.035 0.04  0.045 0.05  0.055
 0.06  0.065 0.07  0.075 0.08  0.085 0.09  0.095 0.1   0.105 0.11  0.115
 0.12  0.125 0.13  0.135 0.14  0.145 0.15  0.155 0.16  0.165 0.17  0.175
 0.18  0.185 0.19  0.195 0.2   0.205 0.21  0.215 0.22  0.225 0.23  0.235
 0.24  0.245 0.25  0.255 0.26  0.265 0.27  0.275 0.28  0.285 0.29  0.295
 0.3   0.305 0.31  0.315 0.32  0.325 0.33  0.335 0.34  0.345 0.35  0.355
 0.36  0.365 0.37  0.375 0.38  0.385 0.39  0.395 0.4   0.405 0.41  0.415
 0.42  0.425 0.43  0.435 0.44  0.445 0.45  0.455 0.46  0.465 0.47  0.475
 0.48  0.485 0.49  0.495 0.5  ]
Mean-field energy: [-2.16135762 -2.16135755 -2.16135733 -2.16135697 -2.16135648 -2.16135587
 -2.16135516 -2.16135436 -2.16135349 -2.16135258 -2.16135164 -2.16135071
 -2.1613498  -2.16134893 -2.16134813 -2.16134742 -2.16134681 -2.16134632
 -2.16134596 -2.16134574 -2.16134566 -2.16134574 -2.16134596 -2.16134632
 -2.16134681 -2.16134742 -2.16134813 -2.16134893 -2.1613498  -2.16135071
 -2.16135164 -2.16135258 -2.16135349 -2.16135436 -2.16135516 -2.16135587
 -2.16135648 -2.16135697 -2.16135733 -2.16135755 -2.16135762 -2.16135755
 -2.16135733 -2.16135697 -2.16135648 -2.16135587 -2.16135516 -2.16135436
 -2.16135349 -2.16135258 -2.16135164 -2.16135071 -2.1613498  -2.16134893
 -2.16134813 -2.16134742 -2.16134681 -2.16134632 -2.16134596 -2.16134574
 -2.16134566 -2.16134574 -2.16134596 -2.16134632 -2.16134681 -2.16134742
 -2.16134813 -2.16134893 -2.1613498  -2.16135071 -2.16135164 -2.16135258
 -2.16135349 -2.16135436 -2.16135516 -2.16135587 -2.16135648 -2.16135697
 -2.16135733 -2.16135755 -2.16135762 -2.16135755 -2.16135733 -2.16135697
 -2.16135648 -2.16135587 -2.16135516 -2.16135436 -2.16135349 -2.16135258
 -2.16135164 -2.16135071 -2.1613498  -2.16134893 -2.16134813 -2.16134742
 -2.16134681 -2.16134632 -2.16134596 -2.16134574 -2.16134566]
MP2 corr. energy : [-0.06322304 -0.06322303 -0.06322302 -0.06322299 -0.06322296 -0.06322291
 -0.06322286 -0.0632228  -0.06322274 -0.06322268 -0.06322261 -0.06322254
 -0.06322248 -0.06322241 -0.06322236 -0.0632223  -0.06322226 -0.06322222
 -0.0632222  -0.06322218 -0.06322218 -0.06322218 -0.0632222  -0.06322222
 -0.06322226 -0.0632223  -0.06322236 -0.06322241 -0.06322248 -0.06322254
 -0.06322261 -0.06322268 -0.06322274 -0.0632228  -0.06322286 -0.06322291
 -0.06322296 -0.06322299 -0.06322302 -0.06322303 -0.06322304 -0.06322303
 -0.06322302 -0.06322299 -0.06322296 -0.06322291 -0.06322286 -0.0632228
 -0.06322274 -0.06322268 -0.06322261 -0.06322254 -0.06322248 -0.06322241
 -0.06322236 -0.0632223  -0.06322226 -0.06322222 -0.0632222  -0.06322218
 -0.06322218 -0.06322218 -0.0632222  -0.06322222 -0.06322226 -0.0632223
 -0.06322236 -0.06322241 -0.06322248 -0.06322254 -0.06322261 -0.06322268
 -0.06322274 -0.0632228  -0.06322286 -0.06322291 -0.06322296 -0.06322299
 -0.06322302 -0.06322303 -0.06322304 -0.06322303 -0.06322302 -0.06322299
 -0.06322296 -0.06322291 -0.06322286 -0.0632228  -0.06322274 -0.06322268
 -0.06322261 -0.06322254 -0.06322248 -0.06322241 -0.06322236 -0.0632223
 -0.06322226 -0.06322222 -0.0632222  -0.06322218 -0.06322218]
Mean-field energy (DG): [-2.16184724 -2.16184605 -2.16184651 -2.16184954 -2.16184688 -2.16184676
 -2.1618462  -2.16184728 -2.16184817 -2.16184811 -2.16184542 -2.1618447
 -2.16184561 -2.16184635 -2.16185059 -2.16185031 -2.16185041 -2.16185299
 -2.16185119 -2.16185154 -2.16185593 -2.16185154 -2.16185119 -2.16185299
 -2.16185041 -2.16185031 -2.16185059 -2.16184635 -2.16184561 -2.1618447
 -2.16184542 -2.16184811 -2.16184817 -2.16184728 -2.1618462  -2.16184676
 -2.16184688 -2.16184954 -2.16184651 -2.16184605 -2.16184965 -2.16184605
 -2.16184651 -2.16184954 -2.16184688 -2.16184676 -2.1618462  -2.16184728
 -2.16184817 -2.16184811 -2.16184542 -2.1618447  -2.16184561 -2.16184635
 -2.16185059 -2.16185031 -2.16185041 -2.16185299 -2.16185119 -2.16185154
 -2.16185593 -2.16185154 -2.16185119 -2.16185299 -2.16185041 -2.16185031
 -2.16185059 -2.16184635 -2.16184561 -2.1618447  -2.16184542 -2.16184811
 -2.16184817 -2.16184728 -2.1618462  -2.16184676 -2.16184688 -2.16184954
 -2.16184651 -2.16184605 -2.16182405 -2.16184605 -2.16184651 -2.16184954
 -2.16184688 -2.16184676 -2.1618462  -2.16184728 -2.16184817 -2.16184811
 -2.16184542 -2.1618447  -2.16184561 -2.16184635 -2.16185059 -2.16185031
 -2.16185041 -2.16185299 -2.16185119 -2.16185154 -2.16185593]
MP2 corr. energy (DG) : [-0.06704799 -0.06706472 -0.06706534 -0.06706354 -0.06706331 -0.06706509
 -0.06705832 -0.06705793 -0.06706907 -0.0670686  -0.06706193 -0.06706348
 -0.06706644 -0.06706547 -0.06707085 -0.06707511 -0.0670755  -0.06706645
 -0.06707511 -0.06707471 -0.06707431 -0.06707471 -0.06707511 -0.06706645
 -0.0670755  -0.06707511 -0.06707085 -0.06706547 -0.06706644 -0.06706348
 -0.06706193 -0.0670686  -0.06706907 -0.06705793 -0.06705832 -0.06706509
 -0.06706331 -0.06706354 -0.06706534 -0.06706472 -0.06705481 -0.06706472
 -0.06706534 -0.06706354 -0.06706331 -0.06706509 -0.06705832 -0.06705793
 -0.06706907 -0.0670686  -0.06706193 -0.06706348 -0.06706644 -0.06706547
 -0.06707085 -0.06707511 -0.0670755  -0.06706645 -0.06707511 -0.06707471
 -0.06707431 -0.06707471 -0.06707511 -0.06706645 -0.0670755  -0.06707511
 -0.06707085 -0.06706547 -0.06706644 -0.06706348 -0.06706193 -0.0670686
 -0.06706907 -0.06705793 -0.06705832 -0.06706509 -0.06706331 -0.06706354
 -0.06706534 -0.06706472 -0.0669796  -0.06706472 -0.06706534 -0.06706354
 -0.06706331 -0.06706509 -0.06705832 -0.06705793 -0.06706907 -0.0670686
 -0.06706193 -0.06706348 -0.06706644 -0.06706547 -0.06707085 -0.06707511
 -0.0670755  -0.06706645 -0.06707511 -0.06707471 -0.06707431]
Rotation angle:[1.04719755]
Relative truncation in SVD:
0.7
AO basis:
631g
Shift along the X-coordinate: [0.    0.005 0.01  0.015 0.02  0.025 0.03  0.035 0.04  0.045 0.05  0.055
 0.06  0.065 0.07  0.075 0.08  0.085 0.09  0.095 0.1   0.105 0.11  0.115
 0.12  0.125 0.13  0.135 0.14  0.145 0.15  0.155 0.16  0.165 0.17  0.175
 0.18  0.185 0.19  0.195 0.2   0.205 0.21  0.215 0.22  0.225 0.23  0.235
 0.24  0.245 0.25  0.255 0.26  0.265 0.27  0.275 0.28  0.285 0.29  0.295
 0.3   0.305 0.31  0.315 0.32  0.325 0.33  0.335 0.34  0.345 0.35  0.355
 0.36  0.365 0.37  0.375 0.38  0.385 0.39  0.395 0.4   0.405 0.41  0.415
 0.42  0.425 0.43  0.435 0.44  0.445 0.45  0.455 0.46  0.465 0.47  0.475
 0.48  0.485 0.49  0.495 0.5  ]
Mean-field energy: [-2.15209706 -2.15209674 -2.15209577 -2.15209419 -2.15209203 -2.15208935
 -2.1520862  -2.15208268 -2.15207886 -2.15207484 -2.15207073 -2.15206661
 -2.15206259 -2.15205877 -2.15205525 -2.15205211 -2.15204943 -2.15204727
 -2.15204569 -2.15204473 -2.1520444  -2.15204473 -2.15204569 -2.15204727
 -2.15204943 -2.15205211 -2.15205525 -2.15205877 -2.15206259 -2.15206661
 -2.15207073 -2.15207484 -2.15207886 -2.15208268 -2.1520862  -2.15208935
 -2.15209203 -2.15209419 -2.15209577 -2.15209674 -2.15209706 -2.15209674
 -2.15209577 -2.15209419 -2.15209203 -2.15208935 -2.1520862  -2.15208268
 -2.15207886 -2.15207484 -2.15207073 -2.15206661 -2.15206259 -2.15205877
 -2.15205525 -2.15205211 -2.15204943 -2.15204727 -2.15204569 -2.15204473
 -2.1520444  -2.15204473 -2.15204569 -2.15204727 -2.15204943 -2.15205211
 -2.15205525 -2.15205877 -2.15206259 -2.15206661 -2.15207073 -2.15207484
 -2.15207886 -2.15208268 -2.1520862  -2.15208935 -2.15209203 -2.15209419
 -2.15209577 -2.15209674 -2.15209706 -2.15209674 -2.15209577 -2.15209419
 -2.15209203 -2.15208935 -2.1520862  -2.15208268 -2.15207886 -2.15207484
 -2.15207073 -2.15206661 -2.15206259 -2.15205877 -2.15205525 -2.15205211
 -2.15204943 -2.15204727 -2.15204569 -2.15204473 -2.1520444 ]
MP2 corr. energy : [-0.04189456 -0.04189454 -0.04189446 -0.04189434 -0.04189417 -0.04189396
 -0.04189371 -0.04189343 -0.04189313 -0.04189281 -0.04189249 -0.04189216
 -0.04189185 -0.04189154 -0.04189127 -0.04189102 -0.04189081 -0.04189064
 -0.04189051 -0.04189044 -0.04189041 -0.04189044 -0.04189051 -0.04189064
 -0.04189081 -0.04189102 -0.04189127 -0.04189154 -0.04189185 -0.04189216
 -0.04189249 -0.04189281 -0.04189313 -0.04189343 -0.04189371 -0.04189396
 -0.04189417 -0.04189434 -0.04189446 -0.04189454 -0.04189456 -0.04189454
 -0.04189446 -0.04189434 -0.04189417 -0.04189396 -0.04189371 -0.04189343
 -0.04189313 -0.04189281 -0.04189249 -0.04189216 -0.04189185 -0.04189154
 -0.04189127 -0.04189102 -0.04189081 -0.04189064 -0.04189051 -0.04189044
 -0.04189041 -0.04189044 -0.04189051 -0.04189064 -0.04189081 -0.04189102
 -0.04189127 -0.04189154 -0.04189185 -0.04189216 -0.04189249 -0.04189281
 -0.04189313 -0.04189343 -0.04189371 -0.04189396 -0.04189417 -0.04189434
 -0.04189446 -0.04189454 -0.04189456 -0.04189454 -0.04189446 -0.04189434
 -0.04189417 -0.04189396 -0.04189371 -0.04189343 -0.04189313 -0.04189281
 -0.04189249 -0.04189216 -0.04189185 -0.04189154 -0.04189127 -0.04189102
 -0.04189081 -0.04189064 -0.04189051 -0.04189044 -0.04189041]
Mean-field energy (DG): [-2.15617866 -2.15618464 -2.15618508 -2.15618043 -2.1561769  -2.15617785
 -2.15618014 -2.15618363 -2.15619507 -2.15619638 -2.15619184 -2.15619543
 -2.15620009 -2.15620473 -2.15621583 -2.1562247  -2.15622794 -2.15622564
 -2.15622926 -2.15623263 -2.15622985 -2.15623263 -2.15622926 -2.15622564
 -2.15622794 -2.1562247  -2.15621583 -2.15620473 -2.15620009 -2.15619543
 -2.15619184 -2.15619638 -2.15619507 -2.15618363 -2.15618014 -2.15617785
 -2.1561769  -2.15618043 -2.15618508 -2.15618464 -2.15617985 -2.15618464
 -2.15618508 -2.15618043 -2.1561769  -2.15617785 -2.15618014 -2.15618363
 -2.15619507 -2.15619638 -2.15619184 -2.15619543 -2.15620009 -2.15620473
 -2.15621583 -2.1562247  -2.15622794 -2.15622564 -2.15622926 -2.15623263
 -2.15622985 -2.15623263 -2.15622926 -2.15622564 -2.15622794 -2.1562247
 -2.15621583 -2.15620473 -2.15620009 -2.15619543 -2.15619184 -2.15619638
 -2.15619507 -2.15618363 -2.15618014 -2.15617785 -2.1561769  -2.15618043
 -2.15618508 -2.15618464 -2.15612106 -2.15618464 -2.15618508 -2.15618043
 -2.1561769  -2.15617785 -2.15618014 -2.15618363 -2.15619507 -2.15619638
 -2.15619184 -2.15619543 -2.15620009 -2.15620473 -2.15621583 -2.1562247
 -2.15622794 -2.15622564 -2.15622926 -2.15623263 -2.15622985]
MP2 corr. energy (DG) : [-0.04731909 -0.04733172 -0.04733252 -0.04733588 -0.04733445 -0.04733688
 -0.04733533 -0.04733586 -0.04733901 -0.0473406  -0.0473403  -0.04734175
 -0.04734437 -0.04734411 -0.04734691 -0.04734617 -0.04734692 -0.04734417
 -0.04734762 -0.0473458  -0.0473503  -0.0473458  -0.04734762 -0.04734417
 -0.04734692 -0.04734617 -0.04734691 -0.04734411 -0.04734437 -0.04734175
 -0.0473403  -0.0473406  -0.04733901 -0.04733586 -0.04733533 -0.04733688
 -0.04733445 -0.04733588 -0.04733252 -0.04733172 -0.04732672 -0.04733172
 -0.04733252 -0.04733588 -0.04733445 -0.04733688 -0.04733533 -0.04733586
 -0.04733901 -0.0473406  -0.0473403  -0.04734175 -0.04734437 -0.04734411
 -0.04734691 -0.04734617 -0.04734692 -0.04734417 -0.04734762 -0.0473458
 -0.0473503  -0.0473458  -0.04734762 -0.04734417 -0.04734692 -0.04734617
 -0.04734691 -0.04734411 -0.04734437 -0.04734175 -0.0473403  -0.0473406
 -0.04733901 -0.04733586 -0.04733533 -0.04733688 -0.04733445 -0.04733588
 -0.04733252 -0.04733172 -0.04717121 -0.04733172 -0.04733252 -0.04733588
 -0.04733445 -0.04733688 -0.04733533 -0.04733586 -0.04733901 -0.0473406
 -0.0473403  -0.04734175 -0.04734437 -0.04734411 -0.04734691 -0.04734617
 -0.04734692 -0.04734417 -0.04734762 -0.0473458  -0.0473503 ]
