Computing H2O rotation in x-y-plane:
AO basis:321g
Box size:
15 x 15 x 15
Box discretization:
75 x 75 x 75
SVD truncation:0.99
Rotation angle: [0.         0.16534698 0.33069396 0.49604095 0.66138793 0.82673491
 0.99208189 1.15742887 1.32277585 1.48812284 1.65346982 1.8188168
 1.98416378 2.14951076 2.31485774 2.48020473]
Mean-field energy: [-16.48631637 -16.61141853 -16.57257717 -13.21014801 -16.79827042
 -16.70685922 -16.50970822 -15.50955159  -7.64020849   7.85450708
 -14.51714301 -16.38879733 -16.60354437 -16.6037341  -16.61359815
 -16.61082815]
Mean-field energy (DG): [1. 1. 1. 1. 1. 1. 1. 1. 1. 1. 1. 1. 1. 1. 1. 1.]
Mean-field energy (VDG): [-16.55824937 -16.62508814 -16.58884485 -13.27992598 -16.84669235
 -16.76045874 -16.54837563 -15.55759931  -7.68751295   7.83053993
 -14.56489705 -16.43783657 -16.64142643 -16.64369601 -16.64788416
 -16.63032765]
SVD truncation:0.9
Rotation angle: [0.         0.16534698 0.33069396 0.49604095 0.66138793 0.82673491
 0.99208189 1.15742887 1.32277585 1.48812284 1.65346982 1.8188168
 1.98416378 2.14951076 2.31485774 2.48020473]
Mean-field energy: [ -8.85746179 -16.63553207 -16.64434336 -16.61636591 -16.61887233
 -16.62973884 -16.54940606 -15.76212681  -8.6786513   14.45418723
 -14.40934975 -16.38167328 -16.60308739 -16.60371827 -16.61359661
 -16.61082214]
Mean-field energy (DG): [1. 1. 1. 1. 1. 1. 1. 1. 1. 1. 1. 1. 1. 1. 1. 1.]
Mean-field energy (VDG): [ -8.96696049 -16.68816592 -16.68479236 -16.64644751 -16.64941269
 -16.67532811 -16.60437289 -15.80260285  -8.73019967  14.4326918
 -14.45869115 -16.42551397 -16.63920391 -16.64175157 -16.64618194
 -16.62947972]
SVD truncation:0.8
Rotation angle: [0.         0.16534698 0.33069396 0.49604095 0.66138793 0.82673491
 0.99208189 1.15742887 1.32277585 1.48812284 1.65346982 1.8188168
 1.98416378 2.14951076 2.31485774 2.48020473]
Mean-field energy: [ -8.86848756 -16.63553842 -16.64433367 -16.61636153 -16.6188691
 -16.62973759 -16.54940653 -15.76213083  -8.67867033  14.45430059
 -14.40934809 -16.38167317 -16.60308738 -16.60371827 -16.61359661
 -16.61082214]
Mean-field energy (DG): [1. 1. 1. 1. 1. 1. 1. 1. 1. 1. 1. 1. 1. 1. 1. 1.]
Mean-field energy (VDG): [ -8.94791314 -16.65786943 -16.66560327 -16.63413967 -16.63405981
 -16.651868   -16.57929335 -15.78345026  -8.68624826  14.47397994
 -14.43529374 -16.3977737  -16.61430358 -16.62664072 -16.63508906
 -16.61935086]
SVD truncation:0.7
Rotation angle: [0.         0.16534698 0.33069396 0.49604095 0.66138793 0.82673491
 0.99208189 1.15742887 1.32277585 1.48812284 1.65346982 1.8188168
 1.98416378 2.14951076 2.31485774 2.48020473]
Mean-field energy: [ -8.86848773 -16.63553842 -16.64433367 -16.61636153 -16.6188691
 -16.62973759 -16.54940653 -15.76213083  -8.67867033  14.45430059
 -14.40934809 -16.38167317 -16.60308738 -16.60371827 -16.61359661
 -16.61082214]
Mean-field energy (DG): [1. 1. 1. 1. 1. 1. 1. 1. 1. 1. 1. 1. 1. 1. 1. 1.]
Mean-field energy (VDG): [ -8.91819944 -16.59363697 -16.63767259 -16.61142657 -16.6050146
 -16.62221643 -16.56277216 -15.75385672  -8.66466351  14.49465678
 -14.40693184 -16.37822522 -16.5757279  -16.60195279 -16.62450959
 -16.61542181]
