Computing H2O rotation in x-y-plane:
AO basis:321++g
Box size:
15 x 15 x 15
Box discretization:
75 x 75 x 75
SVD truncation:0.99
Rotation angle: [0.         0.16534698 0.33069396 0.49604095 0.66138793 0.82673491
 0.99208189 1.15742887 1.32277585 1.48812284 1.65346982 1.8188168
 1.98416378 2.14951076 2.31485774 2.48020473]
Mean-field energy: [-16.51884794 -16.63567287 -16.60281767 -13.2402379  -16.83195932
 -16.73982224 -16.54380212 -15.54278651  -7.67206747   7.82743899
 -14.55023346 -16.4226867  -16.63737338 -16.63703298 -16.64417149
 -16.63756545]
Mean-field energy (DG): [1. 1. 1. 1. 1. 1. 1. 1. 1. 1. 1. 1. 1. 1. 1. 1.]
Mean-field energy (VDG): [-16.5895691  -16.64864845 -16.61723076 -13.30888472 -16.88083169
 -16.79406631 -16.58094705 -15.58923626  -7.71983053   7.80571518
 -14.59494761 -16.46932166 -16.67468224 -16.6761204  -16.67734797
 -16.65667922]
SVD truncation:0.9
Rotation angle: [0.         0.16534698 0.33069396 0.49604095 0.66138793 0.82673491
 0.99208189 1.15742887 1.32277585 1.48812284 1.65346982 1.8188168
 1.98416378 2.14951076 2.31485774 2.48020473]
Mean-field energy: [ -8.88776674 -16.66857968 -16.67722586 -16.64902437 -16.65126688
 -16.66328978 -16.58397879 -15.79532046  -8.71079923  14.42727823
 -14.44261917 -16.41560114 -16.63693079 -16.63702181 -16.64417392
 -16.63756207]
Mean-field energy (DG): [1. 1. 1. 1. 1. 1. 1. 1. 1. 1. 1. 1. 1. 1. 1. 1.]
Mean-field energy (VDG): [ -9.00642165 -16.72518846 -16.71938014 -16.6806203  -16.68343848
 -16.70932118 -16.63742714 -15.83352958  -8.76188148  14.40920174
 -14.4884791  -16.45702031 -16.67279658 -16.67473571 -16.67609201
 -16.6558971 ]
SVD truncation:0.8
Rotation angle: [0.         0.16534698 0.33069396 0.49604095 0.66138793 0.82673491
 0.99208189 1.15742887 1.32277585 1.48812284 1.65346982 1.8188168
 1.98416378 2.14951076 2.31485774 2.48020473]
Mean-field energy: [ -8.89880799 -16.6685859  -16.6772164  -16.64902006 -16.65126375
 -16.6632886  -16.5839793  -15.7953245   -8.71081827  14.42739159
 -14.44261751 -16.41560103 -16.63693078 -16.63702181 -16.64417392
 -16.63756207]
Mean-field energy (DG): [1. 1. 1. 1. 1. 1. 1. 1. 1. 1. 1. 1. 1. 1. 1. 1.]
Mean-field energy (VDG): [ -8.97997549 -16.7008152  -16.70023055 -16.66675655 -16.66283117
 -16.69445576 -16.62438535 -15.81904554  -8.74071877  14.42730418
 -14.47689898 -16.44459429 -16.64694252 -16.65805597 -16.66871629
 -16.64972314]
SVD truncation:0.7
Rotation angle: [0.         0.16534698 0.33069396 0.49604095 0.66138793 0.82673491
 0.99208189 1.15742887 1.32277585 1.48812284 1.65346982 1.8188168
 1.98416378 2.14951076 2.31485774 2.48020473]
Mean-field energy: [ -8.89880815 -16.6685859  -16.6772164  -16.64902006 -16.65126375
 -16.6632886  -16.5839793  -15.7953245   -8.71081827  14.4273916
 -14.44261751 -16.41560103 -16.63693078 -16.63702181 -16.64417392
 -16.63756207]
Mean-field energy (DG): [1. 1. 1. 1. 1. 1. 1. 1. 1. 1. 1. 1. 1. 1. 1. 1.]
Mean-field energy (VDG): [ -8.9328411  -16.62176034 -16.64331172 -16.60612729 -16.59657047
 -16.64458704 -16.57069288 -15.78236148  -8.69094935  14.46774412
 -14.43609325 -16.3946562  -16.60691544 -16.61022307 -16.61604231
 -16.60883868]
