Computing H2O rotation in x-y-plane:
AO basis:6311g
Box size:
15 x 15 x 15
Box discretization:
75 x 75 x 75
SVD truncation:0.99
Rotation angle: [0.         0.16534698 0.33069396 0.49604095 0.66138793 0.82673491
 0.99208189 1.15742887 1.32277585 1.48812284 1.65346982 1.8188168
 1.98416378 2.14951076 2.31485774 2.48020473]
Mean-field energy: [-16.59437489 -16.68512064 -16.64827864 -13.36614307 -16.88516916
 -16.80194133 -16.59123446 -15.60208127  -7.7618259    7.73566103
 -14.63568748 -16.4727924  -16.69101602 -16.69126536 -16.69822468
 -16.69005697]
Mean-field energy (DG): [1. 1. 1. 1. 1. 1. 1. 1. 1. 1. 1. 1. 1. 1. 1. 1.]
Mean-field energy (VDG): [-16.61048345 -16.7042961  -16.64608478 -13.36981823 -16.89800009
 -16.80593735 -16.61131144 -15.63538545  -7.79079521   7.74065033
 -14.66173242 -16.49771124 -16.69981982 -16.6959412  -16.69867164
 -16.68429316]
SVD truncation:0.9
Rotation angle: [0.         0.16534698 0.33069396 0.49604095 0.66138793 0.82673491
 0.99208189 1.15742887 1.32277585 1.48812284 1.65346982 1.8188168
 1.98416378 2.14951076 2.31485774 2.48020473]
Mean-field energy: [ -9.04096294 -16.72837769 -16.72690472 -16.69653732 -16.70054525
 -16.72271696 -16.65022656 -15.85980228  -8.79623761  14.33657389
 -14.53357571 -16.46530693 -16.69014256 -16.69127247 -16.69837096
 -16.69015755]
Mean-field energy (DG): [1. 1. 1. 1. 1. 1. 1. 1. 1. 1. 1. 1. 1. 1. 1. 1.]
Mean-field energy (VDG): [ -9.07683813 -16.74249528 -16.73980618 -16.70563636 -16.70677806
 -16.72563553 -16.65353018 -15.88015167  -8.83465001  14.34092954
 -14.55405779 -16.48957559 -16.6993173  -16.69587217 -16.69852804
 -16.68421771]
SVD truncation:0.8
Rotation angle: [0.         0.16534698 0.33069396 0.49604095 0.66138793 0.82673491
 0.99208189 1.15742887 1.32277585 1.48812284 1.65346982 1.8188168
 1.98416378 2.14951076 2.31485774 2.48020473]
Mean-field energy: [ -9.0520703  -16.7283841  -16.72690184 -16.69653398 -16.70054253
 -16.72271553 -16.65022719 -15.85980659  -8.79625672  14.33668728
 -14.53357414 -16.46530682 -16.69014255 -16.69127247 -16.69837096
 -16.69015755]
Mean-field energy (DG): [1. 1. 1. 1. 1. 1. 1. 1. 1. 1. 1. 1. 1. 1. 1. 1.]
Mean-field energy (VDG): [ -9.07808361 -16.73758516 -16.73869561 -16.70471169 -16.70536789
 -16.72278651 -16.65091855 -15.87575462  -8.82006871  14.34905771
 -14.55261342 -16.4863124  -16.69518625 -16.69454882 -16.69777455
 -16.68370584]
SVD truncation:0.7
Rotation angle: [0.         0.16534698 0.33069396 0.49604095 0.66138793 0.82673491
 0.99208189 1.15742887 1.32277585 1.48812284 1.65346982 1.8188168
 1.98416378 2.14951076 2.31485774 2.48020473]
Mean-field energy: [ -9.05207046 -16.7283841  -16.72690184 -16.69653398 -16.70054253
 -16.72271553 -16.65022719 -15.85980659  -8.79625672  14.33668728
 -14.53357414 -16.46530682 -16.69014255 -16.69127247 -16.69837096
 -16.69015755]
Mean-field energy (DG): [1. 1. 1. 1. 1. 1. 1. 1. 1. 1. 1. 1. 1. 1. 1. 1.]
Mean-field energy (VDG): [ -9.02898341 -16.66202176 -16.69362762 -16.66755592 -16.66854372
 -16.68348384 -16.59960161 -15.81906032  -8.81069018  14.35719614
 -14.49268532 -16.43414652 -16.65222234 -16.6556714  -16.6612345
 -16.65172346]
