Computing H2O rotation in x-y-plane:
AO basis:ccpvdz
Box size:
15 x 15 x 15
Box discretization:
75 x 75 x 75
SVD truncation:0.99
Rotation angle: [0.         0.16534698 0.33069396 0.49604095 0.66138793 0.82673491
 0.99208189 1.15742887 1.32277585 1.48812284 1.65346982 1.8188168
 1.98416378 2.14951076 2.31485774 2.48020473]
Mean-field energy: [-16.57988648 -16.64308417 -16.60860954 -13.26101643 -16.87541876
 -16.78046473 -16.57046726 -15.5531547   -7.69321787   7.7719112
 -14.56023035 -16.45416726 -16.67259746 -16.66435272 -16.66254525
 -16.64679559]
Mean-field energy (DG): [1. 1. 1. 1. 1. 1. 1. 1. 1. 1. 1. 1. 1. 1. 1. 1.]
Mean-field energy (VDG): [-16.60404771 -16.64959471 -16.61338417 -13.33006375 -16.88603787
 -16.79362789 -16.60655791 -15.61549667  -7.77920968   7.74689203
 -14.61806245 -16.49443488 -16.68012815 -16.67307531 -16.67065943
 -16.65045312]
SVD truncation:0.9
Rotation angle: [0.         0.16534698 0.33069396 0.49604095 0.66138793 0.82673491
 0.99208189 1.15742887 1.32277585 1.48812284 1.65346982 1.8188168
 1.98416378 2.14951076 2.31485774 2.48020473]
Mean-field energy: [ -9.00058388 -16.72217987 -16.70684778 -16.67026368 -16.67666366
 -16.69842529 -16.62302935 -15.81131757  -8.7245555   14.36883681
 -14.4533199  -16.44676059 -16.67202558 -16.66439522 -16.66259695
 -16.64682546]
Mean-field energy (DG): [1. 1. 1. 1. 1. 1. 1. 1. 1. 1. 1. 1. 1. 1. 1. 1.]
Mean-field energy (VDG): [ -9.08399964 -16.7324536  -16.71814349 -16.68107257 -16.6829618
 -16.70829041 -16.63271842 -15.84259687  -8.81704241  14.35263361
 -14.50770083 -16.48606117 -16.67709614 -16.67228093 -16.66994505
 -16.65007995]
SVD truncation:0.8
Rotation angle: [0.         0.16534698 0.33069396 0.49604095 0.66138793 0.82673491
 0.99208189 1.15742887 1.32277585 1.48812284 1.65346982 1.8188168
 1.98416378 2.14951076 2.31485774 2.48020473]
Mean-field energy: [ -9.01159142 -16.72218112 -16.70683935 -16.67025876 -16.67666041
 -16.69842368 -16.62302998 -15.81132178  -8.72457445  14.36895013
 -14.45331826 -16.44676048 -16.67202557 -16.66439522 -16.66259695
 -16.64682546]
Mean-field energy (DG): [1. 1. 1. 1. 1. 1. 1. 1. 1. 1. 1. 1. 1. 1. 1. 1.]
Mean-field energy (VDG): [ -9.0265508  -16.71980379 -16.71707147 -16.68010713 -16.68154139
 -16.70548093 -16.62738131 -15.81060228  -8.73592413  14.3863989
 -14.42787923 -16.43901351 -16.67056383 -16.67058878 -16.66865551
 -16.64882954]
SVD truncation:0.7
Rotation angle: [0.         0.16534698 0.33069396 0.49604095 0.66138793 0.82673491
 0.99208189 1.15742887 1.32277585 1.48812284 1.65346982 1.8188168
 1.98416378 2.14951076 2.31485774 2.48020473]
Mean-field energy: [ -9.01159159 -16.72218112 -16.70683935 -16.67025876 -16.67666041
 -16.69842368 -16.62302998 -15.81132178  -8.72457445  14.36895013
 -14.45331826 -16.44676048 -16.67202557 -16.66439522 -16.66259695
 -16.64682546]
Mean-field energy (DG): [1. 1. 1. 1. 1. 1. 1. 1. 1. 1. 1. 1. 1. 1. 1. 1.]
Mean-field energy (VDG): [ -8.94023671 -16.69072287 -16.69142406 -16.66298444 -16.65247837
 -16.6814958  -16.58535849 -15.75225333  -8.61582285  14.42825594
 -14.39647448 -16.38180507 -16.64426698 -16.64055813 -16.65943822
 -16.64440118]
