Computing H2O rotation in x-y-plane:
AO basis:631++g
Box size:
15 x 15 x 15
Box discretization:
75 x 75 x 75
SVD truncation:0.99
Rotation angle: [0.         0.16534698 0.33069396 0.49604095 0.66138793 0.82673491
 0.99208189 1.15742887 1.32277585 1.48812284 1.65346982 1.8188168
 1.98416378 2.14951076 2.31485774 2.48020473]
Mean-field energy: [-16.54070689 -16.65003928 -16.61535449 -13.21826535 -16.84873036
 -16.75950349 -16.55727378 -15.53849259  -7.64238855   7.8363698
 -14.53527274 -16.4366827  -16.65350067 -16.65214033 -16.65911696
 -16.65254238]
Mean-field energy (DG): [1. 1. 1. 1. 1. 1. 1. 1. 1. 1. 1. 1. 1. 1. 1. 1.]
Mean-field energy (VDG): [-16.58260454 -16.65644866 -16.62219532 -13.2824424  -16.87831932
 -16.78673401 -16.57732825 -15.57216877  -7.71956196   7.79748926
 -14.57376698 -16.46170017 -16.67438823 -16.67421795 -16.67682103
 -16.6606788 ]
SVD truncation:0.9
Rotation angle: [0.         0.16534698 0.33069396 0.49604095 0.66138793 0.82673491
 0.99208189 1.15742887 1.32277585 1.48812284 1.65346982 1.8188168
 1.98416378 2.14951076 2.31485774 2.48020473]
Mean-field energy: [ -8.86173212 -16.68484736 -16.69015856 -16.6612336  -16.66440715
 -16.68202483 -16.60557435 -15.79586441  -8.67812761  14.43174045
 -14.42733135 -16.4293507  -16.6529519  -16.65215092 -16.65915152
 -16.65256291]
Mean-field energy (DG): [1. 1. 1. 1. 1. 1. 1. 1. 1. 1. 1. 1. 1. 1. 1. 1.]
Mean-field energy (VDG): [ -8.98095889 -16.71895171 -16.71806331 -16.68229575 -16.68327809
 -16.70537911 -16.62686946 -15.81948031  -8.75523196  14.40238589
 -14.46078846 -16.44983858 -16.67127023 -16.67289142 -16.67572452
 -16.66013202]
SVD truncation:0.8
Rotation angle: [0.         0.16534698 0.33069396 0.49604095 0.66138793 0.82673491
 0.99208189 1.15742887 1.32277585 1.48812284 1.65346982 1.8188168
 1.98416378 2.14951076 2.31485774 2.48020473]
Mean-field energy: [ -8.87279036 -16.68485306 -16.69015175 -16.66122952 -16.6644042
 -16.68202348 -16.60557497 -15.79586858  -8.67814664  14.43185375
 -14.42732969 -16.42935059 -16.6529519  -16.65215092 -16.65915152
 -16.65256291]
Mean-field energy (DG): [1. 1. 1. 1. 1. 1. 1. 1. 1. 1. 1. 1. 1. 1. 1. 1.]
Mean-field energy (VDG): [ -8.97142432 -16.71200578 -16.70424799 -16.66910728 -16.66839204
 -16.69812998 -16.62118629 -15.81641195  -8.72859126  14.42281172
 -14.43023907 -16.4475286  -16.66215083 -16.6610887  -16.66896108
 -16.65440081]
SVD truncation:0.7
Rotation angle: [0.         0.16534698 0.33069396 0.49604095 0.66138793 0.82673491
 0.99208189 1.15742887 1.32277585 1.48812284 1.65346982 1.8188168
 1.98416378 2.14951076 2.31485774 2.48020473]
Mean-field energy: [ -8.87279053 -16.68485306 -16.69015175 -16.66122952 -16.6644042
 -16.68202348 -16.60557497 -15.79586858  -8.67814664  14.43185375
 -14.42732969 -16.42935059 -16.6529519  -16.65215092 -16.65915152
 -16.65256291]
Mean-field energy (DG): [1. 1. 1. 1. 1. 1. 1. 1. 1. 1. 1. 1. 1. 1. 1. 1.]
Mean-field energy (VDG): [ -8.90024913 -16.6321995  -16.64887689 -16.62562834 -16.63131953
 -16.64814183 -16.57501325 -15.77813104  -8.65981287  14.47910295
 -14.40689435 -16.40523974 -16.61307777 -16.62457603 -16.62469501
 -16.61539311]
