Computing H2O rotation in x-y-plane:
AO basis:6311++g
Box size:
15 x 15 x 15
Box discretization:
75 x 75 x 75
SVD truncation:0.99
Rotation angle: [0.         0.16534698 0.33069396 0.49604095 0.66138793 0.82673491
 0.99208189 1.15742887 1.32277585 1.48812284 1.65346982 1.8188168
 1.98416378 2.14951076 2.31485774 2.48020473]
Mean-field energy: [-16.59907742 -16.68883047 -16.65372209 -13.36949546 -16.89158056
 -16.80789951 -16.5962858  -15.60678412  -7.76449055   7.73450643
 -14.6391589  -16.47739729 -16.69572395 -16.69648262 -16.70305474
 -16.69405386]
Mean-field energy (DG): [1. 1. 1. 1. 1. 1. 1. 1. 1. 1. 1. 1. 1. 1. 1. 1.]
Mean-field energy (VDG): [-16.61564492 -16.70752745 -16.65128686 -13.37337754 -16.90471776
 -16.81247388 -16.6174672  -15.64031352  -7.79452807   7.73859395
 -14.66581818 -16.5027718  -16.70589441 -16.70220794 -16.70425006
 -16.68894087]
SVD truncation:0.9
Rotation angle: [0.         0.16534698 0.33069396 0.49604095 0.66138793 0.82673491
 0.99208189 1.15742887 1.32277585 1.48812284 1.65346982 1.8188168
 1.98416378 2.14951076 2.31485774 2.48020473]
Mean-field energy: [ -9.04551311 -16.73356048 -16.73231892 -16.70184502 -16.70575675
 -16.72799801 -16.65531773 -15.8638312   -8.79888558  14.33560079
 -14.53704787 -16.46988082 -16.69485392 -16.69649876 -16.70320339
 -16.69415405]
Mean-field energy (DG): [1. 1. 1. 1. 1. 1. 1. 1. 1. 1. 1. 1. 1. 1. 1. 1.]
Mean-field energy (VDG): [ -9.07974492 -16.74837274 -16.74644837 -16.71238136 -16.71339653
 -16.731757   -16.6583099  -15.8816749   -8.83745015  14.33943855
 -14.55797469 -16.4926324  -16.70508408 -16.7020422  -16.70393737
 -16.68864318]
SVD truncation:0.8
Rotation angle: [0.         0.16534698 0.33069396 0.49604095 0.66138793 0.82673491
 0.99208189 1.15742887 1.32277585 1.48812284 1.65346982 1.8188168
 1.98416378 2.14951076 2.31485774 2.48020473]
Mean-field energy: [ -9.05662451 -16.73356701 -16.73231619 -16.70184168 -16.70575402
 -16.72799655 -16.65531837 -15.86383551  -8.79890469  14.33571417
 -14.5370463  -16.46988071 -16.69485391 -16.69649876 -16.70320339
 -16.69415405]
Mean-field energy (DG): [1. 1. 1. 1. 1. 1. 1. 1. 1. 1. 1. 1. 1. 1. 1. 1.]
Mean-field energy (VDG): [ -9.08216738 -16.74085151 -16.7440341  -16.71072287 -16.71091428
 -16.72719103 -16.6536496  -15.8766643   -8.82443418  14.34642482
 -14.55535007 -16.48904183 -16.7002474  -16.69961251 -16.70293485
 -16.68783408]
SVD truncation:0.7
Rotation angle: [0.         0.16534698 0.33069396 0.49604095 0.66138793 0.82673491
 0.99208189 1.15742887 1.32277585 1.48812284 1.65346982 1.8188168
 1.98416378 2.14951076 2.31485774 2.48020473]
Mean-field energy: [ -9.05662468 -16.73356701 -16.73231619 -16.70184168 -16.70575402
 -16.72799655 -16.65531837 -15.86383551  -8.79890469  14.33571418
 -14.5370463  -16.46988071 -16.69485391 -16.69649876 -16.70320339
 -16.69415405]
Mean-field energy (DG): [1. 1. 1. 1. 1. 1. 1. 1. 1. 1. 1. 1. 1. 1. 1. 1.]
Mean-field energy (VDG): [ -9.03114725 -16.68034831 -16.70030772 -16.67174568 -16.6736659
 -16.68672135 -16.61246135 -15.82945583  -8.81498817  14.35452195
 -14.50121982 -16.44614004 -16.65626314 -16.6623173  -16.66688056
 -16.65614768]
