Meanfield results:
tzp: [-16.258583   -16.43679579 -16.51166732 -16.54685394 -16.55252775
 -16.53640969 -16.50880487 -16.48410086 -16.47793762 -16.49499289
 -16.5231131  -16.54656634 -16.55284592 -16.53339476 -16.48064319
 -16.37248727]
tzp-DG: [-16.77273208 -16.93964918 -17.00773653 -17.03328655 -17.0471743
 -17.04069972 -17.03075628 -17.02432829 -17.02454722 -17.02615181
 -17.03608185 -17.04765674 -17.04301653 -17.03048383 -16.97350696
 -16.88020694]
tzp-VDG: [-16.77533052 -16.94592208 -17.01348633 -17.05107981 -17.0633884
 -17.04922157 -17.02931136 -17.02211651 -17.02159068 -17.02418588
 -17.04029514 -17.06035256 -17.06153891 -17.03653089 -16.98627668
 -16.88629644]
