Meanfield results:
tzp: [0. 0. 0. 0. 0. 0. 0. 0. 0. 0. 0. 0. 0. 0. 0. 0.]
tzp-DG: [-16.7073792  -16.89188935 -16.96670978 -17.00222446 -17.02649595
 -17.01948955 -17.0209126  -17.00829744 -17.00525409 -17.01132619
 -17.02500963 -17.0281736  -17.01815664 -16.99329527 -16.92713021
 -16.82963386]
tzp-VDG: [-16.7471375  -16.91606386 -16.98541296 -17.01256543 -17.0271327
 -17.0136137  -16.97912046 -16.98181531 -16.98421476 -16.98094704
 -17.00766696 -17.02424028 -17.02442192 -17.00837421 -16.95672896
 -16.8573354 ]
