Meanfield results:
Builtin:  [-1.20159104 -1.23511728 -1.25754837 -1.27200328 -1.28081903 -1.28566215 -1.28754846 -1.28719598 -1.28528525 -1.28233118 -1.27857968 -1.27420546 -1.26946361]
DG-V   :  [-1.20433868 -1.23807836 -1.26050736 -1.27553229 -1.28461046 -1.28940827 -1.29112575 -1.29056076 -1.28860136 -1.28525407 -1.28108248 -1.27638065 -1.27131571]

MP2 correlation energy:
Builtin:  [-0.01511044 -0.01541184 -0.01565611 -0.01585393 -0.01602405 -0.01618515 -0.01634382 -0.0165033  -0.016676   -0.01687335 -0.01709282 -0.01732936 -0.01758932]
DG-V   :  [-0.01566548 -0.01599153 -0.01622918 -0.01653773 -0.01678239 -0.01700816 -0.01722556 -0.01742028 -0.0176994  -0.01793797 -0.01818506 -0.01843273 -0.01868803]

CCSD correlation energy:
Builtin:  [-0.02158953 -0.02214215 -0.02263389 -0.02309    -0.02354798 -0.0240438 -0.02459131 -0.02519704 -0.02588129 -0.02666141 -0.02753017 -0.02847502 -0.02950243]
DG-V   :  [-0.02218086 -0.02277047 -0.02325271 -0.02386208 -0.02441513 -0.0249825 -0.025589   -0.02621162 -0.02700908 -0.02780664 -0.02867473 -0.02961201 -0.0306099 ]
Nuclear Energy
[ 0.10617839  0.01456435 -0.06190861 -0.12672274 -0.18236049 -0.23063766 -0.27291156 -0.31021582 -0.34335022 -0.37294221 -0.39948999 -0.42339329 -0.44497576]
====================
Electronic CCSD energy (DG-V)
[-1.33269794 -1.27541319 -1.22185145 -1.17267163 -1.1266651  -1.08375311 -1.0438032  -1.00655656 -0.97226023 -0.9401185  -0.91026722 -0.88259937 -0.85694985]

