Computing H2O rotation in x-y-plane:
AO basis:631g
Box size:
15 x 15 x 15
Box discretization:
75 x 75 x 75
SVD truncation:0.99
Rotation angle: [0.         0.16534698 0.33069396 0.49604095 0.66138793 0.82673491
 0.99208189 1.15742887 1.32277585 1.48812284 1.65346982 1.8188168
 1.98416378 2.14951076 2.31485774 2.48020473]
Mean-field energy: [-16.53265456 -16.64595172 -16.60861984 -13.20337298 -16.84118131
 -16.75203732 -16.54943616 -15.52798902  -7.62897609   7.84565635
 -14.52181975 -16.42895612 -16.64625738 -16.644191   -16.65194024
 -16.64702384]
Mean-field energy (DG): [1. 1. 1. 1. 1. 1. 1. 1. 1. 1. 1. 1. 1. 1. 1. 1.]
Mean-field energy (VDG): [-16.57515499 -16.65248538 -16.61620895 -13.26804505 -16.86999005
 -16.77847234 -16.56907529 -15.56030259  -7.70200626   7.80760928
 -14.55978917 -16.45352228 -16.6661931  -16.66629921 -16.67010732
 -16.65529863]
SVD truncation:0.9
Rotation angle: [0.         0.16534698 0.33069396 0.49604095 0.66138793 0.82673491
 0.99208189 1.15742887 1.32277585 1.48812284 1.65346982 1.8188168
 1.98416378 2.14951076 2.31485774 2.48020473]
Mean-field energy: [ -8.84515576 -16.67701422 -16.6818225  -16.65310995 -16.65705577
 -16.67476675 -16.59792717 -15.78628603  -8.66375767  14.4408807
 -14.41354904 -16.4216026  -16.64570626 -16.64419965 -16.65197234
 -16.64704297]
Mean-field energy (DG): [1. 1. 1. 1. 1. 1. 1. 1. 1. 1. 1. 1. 1. 1. 1. 1.]
Mean-field energy (VDG): [ -8.96219657 -16.71086268 -16.70964363 -16.67316085 -16.67388527
 -16.69609466 -16.61859323 -15.80876734  -8.73886523  14.41086889
 -14.45159123 -16.44187326 -16.66244718 -16.66436485 -16.66864847
 -16.65470509]
SVD truncation:0.8
Rotation angle: [0.         0.16534698 0.33069396 0.49604095 0.66138793 0.82673491
 0.99208189 1.15742887 1.32277585 1.48812284 1.65346982 1.8188168
 1.98416378 2.14951076 2.31485774 2.48020473]
Mean-field energy: [ -8.85620292 -16.67702026 -16.68181549 -16.65310583 -16.65705277
 -16.67476538 -16.59792778 -15.78629021  -8.66377668  14.440994
 -14.41354738 -16.42160248 -16.64570625 -16.64419965 -16.65197234
 -16.64704297]
Mean-field energy (DG): [1. 1. 1. 1. 1. 1. 1. 1. 1. 1. 1. 1. 1. 1. 1. 1.]
Mean-field energy (VDG): [ -8.93573846 -16.69685496 -16.69722947 -16.66457761 -16.66579663
 -16.68675536 -16.60712677 -15.79115725  -8.67296633  14.46850481
 -14.4227302  -16.42925175 -16.65280216 -16.65658626 -16.66276506
 -16.6498475 ]
SVD truncation:0.7
Rotation angle: [0.         0.16534698 0.33069396 0.49604095 0.66138793 0.82673491
 0.99208189 1.15742887 1.32277585 1.48812284 1.65346982 1.8188168
 1.98416378 2.14951076 2.31485774 2.48020473]
Mean-field energy: [ -8.85620309 -16.67702026 -16.68181549 -16.65310583 -16.65705277
 -16.67476538 -16.59792778 -15.78629021  -8.66377668  14.440994
 -14.41354738 -16.42160248 -16.64570625 -16.64419965 -16.65197234
 -16.64704297]
Mean-field energy (DG): [1. 1. 1. 1. 1. 1. 1. 1. 1. 1. 1. 1. 1. 1. 1. 1.]
Mean-field energy (VDG): [ -8.89273174 -16.6450518  -16.66349463 -16.63057898 -16.63265003
 -16.65429699 -16.59470454 -15.78027935  -8.65563139  14.48541044
 -14.40874241 -16.41130134 -16.61467299 -16.62564699 -16.65041224
 -16.63941933]
