Meanfield results:
qzp: [0. 0. 0. 0. 0. 0. 0. 0. 0. 0. 0. 0. 0. 0. 0. 0.]
qzp-DG: [-22.48188514 -22.70160556 -22.81341455 -22.88358405 -22.9264964
 -22.91542281 -22.90298651 -22.89519758 -22.89462307 -22.89893659
 -22.90909424 -22.93164528 -22.91062628 -22.84855289 -22.75704048
 -22.63509487]
qzp-VDG: [-22.66206563 -22.83879245 -22.90724794 -22.92545567 -22.93624358
 -22.92821508 -22.90841167 -22.88933272 -22.89080791 -22.89595661
 -22.91897791 -22.93564654 -22.93688192 -22.93070578 -22.87835581
 -22.7778636 ]
