Computing L-box effect for HF and MP2:
Box size:
[12, 12, 12] x [12, 12, 12] x [12, 12, 12]
Box discretization:
60 x 60 x 60
Rotation angle:[1.04719755]
Relative truncation in SVD:
0.85
AO basis:
augccpvdz
Shift along the X-coordinate:[0.   0.25 0.5  0.75 1.   1.25 1.5  1.75 2.   2.25 2.5  2.75 3.   3.25
 3.5  3.75 4.   4.25 4.5  4.75 5.   5.25 5.5  5.75 6.  ]
Mean-field energy: [-2.16190828 -2.16190219 -2.1618961  -2.16190219 -2.16190828 -2.16190219
 -2.1618961  -2.16190219 -2.16190828 -2.16190219 -2.1618961  -2.16190219
 -2.16190828 -2.16190219 -2.1618961  -2.16190219 -2.16190828 -2.16190219
 -2.1618961  -2.16190219 -2.16190828 -2.16190219 -2.1618961  -2.16190219
 -2.16190828]
MP2 corr. energy : [-0.06632823 -0.06632787 -0.0663275  -0.06632787 -0.06632823 -0.06632787
 -0.0663275  -0.06632787 -0.06632823 -0.06632787 -0.0663275  -0.06632787
 -0.06632823 -0.06632787 -0.0663275  -0.06632787 -0.06632823 -0.06632787
 -0.0663275  -0.06632787 -0.06632823 -0.06632787 -0.0663275  -0.06632787
 -0.06632823]
Mean-field energy (DG): [-2.16222615 -2.16223123 -2.16223026 -2.16223123 -2.16222615 -2.16223123
 -2.16223026 -2.16223123 -2.16222615 -2.16223123 -2.16223026 -2.16223123
 -2.16222615 -2.16223123 -2.16223026 -2.16223123 -2.16222791 -2.16223123
 -2.16223026 -2.16223123 -2.16222791 -2.16223123 -2.16223026 -2.16223123
 -2.16222791]
MP2 corr. energy (DG) : [-0.06997251 -0.06997808 -0.06998107 -0.06997808 -0.06997251 -0.06997808
 -0.06998107 -0.06997808 -0.06997251 -0.06997808 -0.06998107 -0.06997808
 -0.06997251 -0.06997808 -0.06998107 -0.06997808 -0.06997525 -0.06997808
 -0.06998107 -0.06997808 -0.06997525 -0.06997808 -0.06998107 -0.06997808
 -0.06997525]
Rotation angle:[1.04719755]
Relative truncation in SVD:
0.7
AO basis:
6311++g
Shift along the X-coordinate:[0.   0.25 0.5  0.75 1.   1.25 1.5  1.75 2.   2.25 2.5  2.75 3.   3.25
 3.5  3.75 4.   4.25 4.5  4.75 5.   5.25 5.5  5.75 6.  ]
Mean-field energy: [-2.15612799 -2.15604397 -2.1559602  -2.15604397 -2.15612799 -2.15604397
 -2.1559602  -2.15604397 -2.15612799 -2.15604397 -2.1559602  -2.15604397
 -2.15612799 -2.15604397 -2.1559602  -2.15604397 -2.15612799 -2.15604397
 -2.1559602  -2.15604397 -2.15612799 -2.15604397 -2.1559602  -2.15604397
 -2.15612799]
MP2 corr. energy : [-0.04358202 -0.04357431 -0.04356663 -0.04357431 -0.04358202 -0.04357431
 -0.04356663 -0.04357431 -0.04358202 -0.04357431 -0.04356663 -0.04357431
 -0.04358202 -0.04357431 -0.04356663 -0.04357431 -0.04358202 -0.04357431
 -0.04356663 -0.04357431 -0.04358202 -0.04357431 -0.04356663 -0.04357431
 -0.04358202]
Mean-field energy (DG): [-2.15916027 -2.15927097 -2.15937853 -2.15927097 -2.15916027 -2.15927097
 -2.15937853 -2.15927097 -2.15916027 -2.15927097 -2.15937853 -2.15927097
 -2.15916027 -2.15927097 -2.15937853 -2.15927097 -2.15916093 -2.15927097
 -2.15937853 -2.15927097 -2.15916093 -2.15927097 -2.15937853 -2.15927097
 -2.15916093]
MP2 corr. energy (DG) : [-0.04880541 -0.04882253 -0.04883133 -0.04882253 -0.04880541 -0.04882253
 -0.04883133 -0.04882253 -0.04880541 -0.04882253 -0.04883133 -0.04882253
 -0.04880541 -0.04882253 -0.04883133 -0.04882253 -0.04881108 -0.04882253
 -0.04883133 -0.04882253 -0.04881108 -0.04882253 -0.04883133 -0.04882253
 -0.04881108]
Rotation angle:[1.04719755]
Relative truncation in SVD:
0.6
AO basis:
631++g
Shift along the X-coordinate:[0.   0.25 0.5  0.75 1.   1.25 1.5  1.75 2.   2.25 2.5  2.75 3.   3.25
 3.5  3.75 4.   4.25 4.5  4.75 5.   5.25 5.5  5.75 6.  ]
Mean-field energy: [-2.1528538  -2.15282764 -2.15280149 -2.15282764 -2.1528538  -2.15282764
 -2.15280149 -2.15282764 -2.1528538  -2.15282764 -2.15280149 -2.15282764
 -2.1528538  -2.15282764 -2.15280149 -2.15282764 -2.1528538  -2.15282764
 -2.15280149 -2.15282764 -2.1528538  -2.15282764 -2.15280149 -2.15282764
 -2.1528538 ]
MP2 corr. energy : [-0.04239737 -0.04239533 -0.04239328 -0.04239533 -0.04239737 -0.04239533
 -0.04239328 -0.04239533 -0.04239737 -0.04239533 -0.04239328 -0.04239533
 -0.04239737 -0.04239533 -0.04239328 -0.04239533 -0.04239737 -0.04239533
 -0.04239328 -0.04239533 -0.04239737 -0.04239533 -0.04239328 -0.04239533
 -0.04239737]
Mean-field energy (DG): [-2.15631191 -2.15643419 -2.15649302 -2.15643419 -2.15631191 -2.15643419
 -2.15649302 -2.15643419 -2.15631191 -2.15643419 -2.15649302 -2.15643419
 -2.15631191 -2.15643419 -2.15649302 -2.15643419 -2.15631772 -2.15643419
 -2.15649302 -2.15643419 -2.15631772 -2.15643419 -2.15649302 -2.15643419
 -2.15631772]
MP2 corr. energy (DG) : [-0.04711441 -0.04710013 -0.04710995 -0.04710013 -0.04711441 -0.04710013
 -0.04710995 -0.04710013 -0.04711441 -0.04710013 -0.04710995 -0.04710013
 -0.04711441 -0.04710013 -0.04710995 -0.04710013 -0.04712005 -0.04710013
 -0.04710995 -0.04710013 -0.04712005 -0.04710013 -0.04710995 -0.04710013
 -0.04712005]
Rotation angle:[1.04719755]
Relative truncation in SVD:
0.7
AO basis:
321++g
Shift along the X-coordinate:[0.   0.25 0.5  0.75 1.   1.25 1.5  1.75 2.   2.25 2.5  2.75 3.   3.25
 3.5  3.75 4.   4.25 4.5  4.75 5.   5.25 5.5  5.75 6.  ]
Mean-field energy: [-2.15372792 -2.15372773 -2.15372753 -2.15372773 -2.15372792 -2.15372773
 -2.15372753 -2.15372773 -2.15372792 -2.15372773 -2.15372753 -2.15372773
 -2.15372792 -2.15372773 -2.15372753 -2.15372773 -2.15372792 -2.15372773
 -2.15372753 -2.15372773 -2.15372792 -2.15372773 -2.15372753 -2.15372773
 -2.15372792]
MP2 corr. energy : [-0.04232485 -0.04232483 -0.04232482 -0.04232483 -0.04232485 -0.04232483
 -0.04232482 -0.04232483 -0.04232485 -0.04232483 -0.04232482 -0.04232483
 -0.04232485 -0.04232483 -0.04232482 -0.04232483 -0.04232485 -0.04232483
 -0.04232482 -0.04232483 -0.04232485 -0.04232483 -0.04232482 -0.04232483
 -0.04232485]
Mean-field energy (DG): [-2.15607556 -2.15602211 -2.15602819 -2.15602211 -2.15607556 -2.15602211
 -2.15602819 -2.15602211 -2.15607556 -2.15602211 -2.15602819 -2.15602211
 -2.15607556 -2.15602211 -2.15602819 -2.15602211 -2.15607651 -2.15602211
 -2.15602819 -2.15602211 -2.15607651 -2.15602211 -2.15602819 -2.15602211
 -2.15607651]
MP2 corr. energy (DG) : [-0.04752815 -0.04753192 -0.04753482 -0.04753192 -0.04752815 -0.04753192
 -0.04753482 -0.04753192 -0.04752815 -0.04753192 -0.04753482 -0.04753192
 -0.04752815 -0.04753192 -0.04753482 -0.04753192 -0.04753258 -0.04753192
 -0.04753482 -0.04753192 -0.04753258 -0.04753192 -0.04753482 -0.04753192
 -0.04753258]
Rotation angle:[1.04719755]
Relative truncation in SVD:
0.9
AO basis:
ccpvdz
Shift along the X-coordinate:[0.   0.25 0.5  0.75 1.   1.25 1.5  1.75 2.   2.25 2.5  2.75 3.   3.25
 3.5  3.75 4.   4.25 4.5  4.75 5.   5.25 5.5  5.75 6.  ]
Mean-field energy: [-2.16135762 -2.16135164 -2.16134566 -2.16135164 -2.16135762 -2.16135164
 -2.16134566 -2.16135164 -2.16135762 -2.16135164 -2.16134566 -2.16135164
 -2.16135762 -2.16135164 -2.16134566 -2.16135164 -2.16135762 -2.16135164
 -2.16134566 -2.16135164 -2.16135762 -2.16135164 -2.16134566 -2.16135164
 -2.16135762]
MP2 corr. energy : [-0.06322304 -0.06322261 -0.06322218 -0.06322261 -0.06322304 -0.06322261
 -0.06322218 -0.06322261 -0.06322304 -0.06322261 -0.06322218 -0.06322261
 -0.06322304 -0.06322261 -0.06322218 -0.06322261 -0.06322304 -0.06322261
 -0.06322218 -0.06322261 -0.06322304 -0.06322261 -0.06322218 -0.06322261
 -0.06322304]
Mean-field energy (DG): [-2.16184724 -2.16184542 -2.16185593 -2.16184542 -2.16184724 -2.16184542
 -2.16185593 -2.16184542 -2.16184724 -2.16184542 -2.16185593 -2.16184542
 -2.16184724 -2.16184542 -2.16185593 -2.16184542 -2.16184965 -2.16184542
 -2.16185593 -2.16184542 -2.16184965 -2.16184542 -2.16185593 -2.16184542
 -2.16184965]
MP2 corr. energy (DG) : [-0.06704799 -0.06706193 -0.06707431 -0.06706193 -0.06704799 -0.06706193
 -0.06707431 -0.06706193 -0.06704799 -0.06706193 -0.06707431 -0.06706193
 -0.06704799 -0.06706193 -0.06707431 -0.06706193 -0.06705481 -0.06706193
 -0.06707431 -0.06706193 -0.06705481 -0.06706193 -0.06707431 -0.06706193
 -0.06705481]
Rotation angle:[1.04719755]
Relative truncation in SVD:
0.7
AO basis:
6311g
Shift along the X-coordinate:[0.   0.25 0.5  0.75 1.   1.25 1.5  1.75 2.   2.25 2.5  2.75 3.   3.25
 3.5  3.75 4.   4.25 4.5  4.75 5.   5.25 5.5  5.75 6.  ]
Mean-field energy: [-2.15599349 -2.15590977 -2.15582629 -2.15590977 -2.15599349 -2.15590977
 -2.15582629 -2.15590977 -2.15599349 -2.15590977 -2.15582629 -2.15590977
 -2.15599349 -2.15590977 -2.15582629 -2.15590977 -2.15599349 -2.15590977
 -2.15582629 -2.15590977 -2.15599349 -2.15590977 -2.15582629 -2.15590977
 -2.15599349]
MP2 corr. energy : [-0.0434833  -0.04347534 -0.04346741 -0.04347534 -0.0434833  -0.04347534
 -0.04346741 -0.04347534 -0.0434833  -0.04347534 -0.04346741 -0.04347534
 -0.0434833  -0.04347534 -0.04346741 -0.04347534 -0.0434833  -0.04347534
 -0.04346741 -0.04347534 -0.0434833  -0.04347534 -0.04346741 -0.04347534
 -0.0434833 ]
Mean-field energy (DG): [-2.15873638 -2.158871   -2.15897556 -2.158871   -2.15873638 -2.158871
 -2.15897556 -2.158871   -2.15873638 -2.158871   -2.15897556 -2.158871
 -2.15873638 -2.158871   -2.15897556 -2.158871   -2.15874198 -2.158871
 -2.15897556 -2.158871   -2.15874198 -2.158871   -2.15897556 -2.158871
 -2.15874198]
MP2 corr. energy (DG) : [-0.04854843 -0.04857674 -0.04859105 -0.04857674 -0.04854843 -0.04857674
 -0.04859105 -0.04857674 -0.04854843 -0.04857674 -0.04859105 -0.04857674
 -0.04854843 -0.04857674 -0.04859105 -0.04857674 -0.04855486 -0.04857674
 -0.04859105 -0.04857674 -0.04855486 -0.04857674 -0.04859105 -0.04857674
 -0.04855486]
Rotation angle:[1.04719755]
Relative truncation in SVD:
0.7
AO basis:
631g
Shift along the X-coordinate:[0.   0.25 0.5  0.75 1.   1.25 1.5  1.75 2.   2.25 2.5  2.75 3.   3.25
 3.5  3.75 4.   4.25 4.5  4.75 5.   5.25 5.5  5.75 6.  ]
Mean-field energy: [-2.15209706 -2.15207073 -2.1520444  -2.15207073 -2.15209706 -2.15207073
 -2.1520444  -2.15207073 -2.15209706 -2.15207073 -2.1520444  -2.15207073
 -2.15209706 -2.15207073 -2.1520444  -2.15207073 -2.15209706 -2.15207073
 -2.1520444  -2.15207073 -2.15209706 -2.15207073 -2.1520444  -2.15207073
 -2.15209706]
MP2 corr. energy : [-0.04189456 -0.04189249 -0.04189041 -0.04189249 -0.04189456 -0.04189249
 -0.04189041 -0.04189249 -0.04189456 -0.04189249 -0.04189041 -0.04189249
 -0.04189456 -0.04189249 -0.04189041 -0.04189249 -0.04189456 -0.04189249
 -0.04189041 -0.04189249 -0.04189456 -0.04189249 -0.04189041 -0.04189249
 -0.04189456]
Mean-field energy (DG): [-2.15617866 -2.15619184 -2.15622985 -2.15619184 -2.15617866 -2.15619184
 -2.15622985 -2.15619184 -2.15617866 -2.15619184 -2.15622985 -2.15619184
 -2.15617866 -2.15619184 -2.15622985 -2.15619184 -2.15617985 -2.15619184
 -2.15622985 -2.15619184 -2.15617985 -2.15619184 -2.15622985 -2.15619184
 -2.15617985]
MP2 corr. energy (DG) : [-0.04731909 -0.0473403  -0.0473503  -0.0473403  -0.04731909 -0.0473403
 -0.0473503  -0.0473403  -0.04731909 -0.0473403  -0.0473503  -0.0473403
 -0.04731909 -0.0473403  -0.0473503  -0.0473403  -0.04732672 -0.0473403
 -0.0473503  -0.0473403  -0.04732672 -0.0473403  -0.0473503  -0.0473403
 -0.04732672]
Rotation angle:[1.04719755]
Relative truncation in SVD:
0.8
AO basis:
321g
Shift along the X-coordinate:[0.   0.25 0.5  0.75 1.   1.25 1.5  1.75 2.   2.25 2.5  2.75 3.   3.25
 3.5  3.75 4.   4.25 4.5  4.75 5.   5.25 5.5  5.75 6.  ]
Mean-field energy: [-2.15116515 -2.15116495 -2.15116476 -2.15116495 -2.15116515 -2.15116495
 -2.15116476 -2.15116495 -2.15116515 -2.15116495 -2.15116476 -2.15116495
 -2.15116515 -2.15116495 -2.15116476 -2.15116495 -2.15116515 -2.15116495
 -2.15116476 -2.15116495 -2.15116515 -2.15116495 -2.15116476 -2.15116495
 -2.15116515]
MP2 corr. energy : [-0.04177042 -0.0417704  -0.04177038 -0.0417704  -0.04177042 -0.0417704
 -0.04177038 -0.0417704  -0.04177042 -0.0417704  -0.04177038 -0.0417704
 -0.04177042 -0.0417704  -0.04177038 -0.0417704  -0.04177042 -0.0417704
 -0.04177038 -0.0417704  -0.04177042 -0.0417704  -0.04177038 -0.0417704
 -0.04177042]
Mean-field energy (DG): [-2.15351458 -2.15351657 -2.15349735 -2.15351657 -2.15351458 -2.15351657
 -2.15349735 -2.15351657 -2.15351458 -2.15351657 -2.15349735 -2.15351657
 -2.15351458 -2.15351657 -2.15349735 -2.15351657 -2.15351618 -2.15351657
 -2.15349735 -2.15351657 -2.15351618 -2.15351657 -2.15349735 -2.15351657
 -2.15351618]
MP2 corr. energy (DG) : [-0.04772645 -0.04776044 -0.04774227 -0.04776044 -0.04772645 -0.04776044
 -0.04774227 -0.04776044 -0.04772645 -0.04776044 -0.04774227 -0.04776044
 -0.04772645 -0.04776044 -0.04774227 -0.04776044 -0.04773306 -0.04776044
 -0.04774227 -0.04776044 -0.04773306 -0.04776044 -0.04774227 -0.04776044
 -0.04773306]
