Computing L-box effect for HF and MP2:
Box size:
[12, 12, 12] x [12, 12, 12] x [12, 12, 12]
Box discretization:
60 x 60 x 60
Rotation angle:[1.04719755]
Relative truncation in SVD:
0.9
AO basis:
ccpvdz
Shift along the X-coordinate: [0.   0.05 0.1  0.15 0.2  0.25 0.3  0.35 0.4  0.45 0.5  0.55 0.6  0.65
 0.7  0.75 0.8  0.85 0.9  0.95 1.   1.05 1.1  1.15 1.2  1.25 1.3  1.35
 1.4  1.45 1.5  1.55 1.6  1.65 1.7  1.75 1.8  1.85 1.9  1.95 2.   2.05
 2.1  2.15 2.2  2.25 2.3  2.35 2.4  2.45 2.5  2.55 2.6  2.65 2.7  2.75
 2.8  2.85 2.9  2.95 3.   3.05 3.1  3.15 3.2  3.25 3.3  3.35 3.4  3.45
 3.5  3.55 3.6  3.65 3.7  3.75 3.8  3.85 3.9  3.95 4.   4.05 4.1  4.15
 4.2  4.25 4.3  4.35 4.4  4.45 4.5  4.55 4.6  4.65 4.7  4.75 4.8  4.85
 4.9  4.95 5.   5.05 5.1  5.15 5.2  5.25 5.3  5.35 5.4  5.45 5.5  5.55
 5.6  5.65 5.7  5.75 5.8  5.85 5.9  5.95 6.  ]
Mean-field energy: [-2.16135762 -2.16135164 -2.16134566 -2.16135164 -2.16135762 -2.16135164
 -2.16134566 -2.16135164 -2.16135762 -2.16135164 -2.16134566 -2.16135164
 -2.16135762 -2.16135164 -2.16134566 -2.16135164 -2.16135762 -2.16135164
 -2.16134566 -2.16135164 -2.16135762 -2.16135164 -2.16134566 -2.16135164
 -2.16135762 -2.16135164 -2.16134566 -2.16135164 -2.16135762 -2.16135164
 -2.16134566 -2.16135164 -2.16135762 -2.16135164 -2.16134566 -2.16135164
 -2.16135762 -2.16135164 -2.16134566 -2.16135164 -2.16135762 -2.16135164
 -2.16134566 -2.16135164 -2.16135762 -2.16135164 -2.16134566 -2.16135164
 -2.16135762 -2.16135164 -2.16134566 -2.16135164 -2.16135762 -2.16135164
 -2.16134566 -2.16135164 -2.16135762 -2.16135164 -2.16134566 -2.16135164
 -2.16135762 -2.16135164 -2.16134566 -2.16135164 -2.16135762 -2.16135164
 -2.16134566 -2.16135164 -2.16135762 -2.16135164 -2.16134566 -2.16135164
 -2.16135762 -2.16135164 -2.16134566 -2.16135164 -2.16135762 -2.16135164
 -2.16134566 -2.16135164 -2.16135762 -2.16135164 -2.16134566 -2.16135164
 -2.16135762 -2.16135164 -2.16134566 -2.16135164 -2.16135762 -2.16135164
 -2.16134566 -2.16135164 -2.16135762 -2.16135164 -2.16134566 -2.16135164
 -2.16135762 -2.16135164 -2.16134566 -2.16135164 -2.16135762 -2.16135164
 -2.16134566 -2.16135164 -2.16135762 -2.16135164 -2.16134566 -2.16135164
 -2.16135762 -2.16135164 -2.16134566 -2.16135164 -2.16135762 -2.16135164
 -2.16134566 -2.16135164 -2.16135762 -2.16135164 -2.16134566 -2.16135164
 -2.16135762]
MP2 corr. energy : [-0.06322304 -0.06322261 -0.06322218 -0.06322261 -0.06322304 -0.06322261
 -0.06322218 -0.06322261 -0.06322304 -0.06322261 -0.06322218 -0.06322261
 -0.06322304 -0.06322261 -0.06322218 -0.06322261 -0.06322304 -0.06322261
 -0.06322218 -0.06322261 -0.06322304 -0.06322261 -0.06322218 -0.06322261
 -0.06322304 -0.06322261 -0.06322218 -0.06322261 -0.06322304 -0.06322261
 -0.06322218 -0.06322261 -0.06322304 -0.06322261 -0.06322218 -0.06322261
 -0.06322304 -0.06322261 -0.06322218 -0.06322261 -0.06322304 -0.06322261
 -0.06322218 -0.06322261 -0.06322304 -0.06322261 -0.06322218 -0.06322261
 -0.06322304 -0.06322261 -0.06322218 -0.06322261 -0.06322304 -0.06322261
 -0.06322218 -0.06322261 -0.06322304 -0.06322261 -0.06322218 -0.06322261
 -0.06322304 -0.06322261 -0.06322218 -0.06322261 -0.06322304 -0.06322261
 -0.06322218 -0.06322261 -0.06322304 -0.06322261 -0.06322218 -0.06322261
 -0.06322304 -0.06322261 -0.06322218 -0.06322261 -0.06322304 -0.06322261
 -0.06322218 -0.06322261 -0.06322304 -0.06322261 -0.06322218 -0.06322261
 -0.06322304 -0.06322261 -0.06322218 -0.06322261 -0.06322304 -0.06322261
 -0.06322218 -0.06322261 -0.06322304 -0.06322261 -0.06322218 -0.06322261
 -0.06322304 -0.06322261 -0.06322218 -0.06322261 -0.06322304 -0.06322261
 -0.06322218 -0.06322261 -0.06322304 -0.06322261 -0.06322218 -0.06322261
 -0.06322304 -0.06322261 -0.06322218 -0.06322261 -0.06322304 -0.06322261
 -0.06322218 -0.06322261 -0.06322304 -0.06322261 -0.06322218 -0.06322261
 -0.06322304]
Mean-field energy (DG): [-2.16184724 -2.16184542 -2.16185593 -2.16184542 -2.16184965 -2.16184542
 -2.16185593 -2.16184542 -2.16182405 -2.16184542 -2.16185593 -2.16184542
 -2.16182696 -2.16184542 -2.16185593 -2.16184542 -2.16183397 -2.16184542
 -2.16185593 -2.16184542 -2.16184724 -2.16184542 -2.16185593 -2.16184542
 -2.16184965 -2.16184542 -2.16185593 -2.16184542 -2.16184724 -2.16184542
 -2.16185593 -2.16184542 -2.16184384 -2.16184542 -2.16185593 -2.16184542
 -2.16184767 -2.16184542 -2.16185593 -2.16184542 -2.16184724 -2.16184542
 -2.16185593 -2.16184542 -2.16184965 -2.16184542 -2.16185593 -2.16184542
 -2.16184724 -2.16184542 -2.16185593 -2.16184542 -2.16184864 -2.16184542
 -2.16185593 -2.16184542 -2.16184724 -2.16184542 -2.16185593 -2.16184542
 -2.16184724 -2.16184542 -2.16185593 -2.16184542 -2.16184829 -2.16184542
 -2.16185593 -2.16184542 -2.16184695 -2.16184542 -2.16185593 -2.16184542
 -2.16184864 -2.16184542 -2.16185593 -2.16184542 -2.16184962 -2.16184542
 -2.16185593 -2.16184542 -2.16184965 -2.16184542 -2.16185593 -2.16184542
 -2.16183498 -2.16184542 -2.16185593 -2.16184542 -2.16184965 -2.16184542
 -2.16185593 -2.16184542 -2.16184933 -2.16184542 -2.16185593 -2.16184542
 -2.16184962 -2.16184542 -2.16185593 -2.16184542 -2.16184965 -2.16184542
 -2.16185593 -2.16184542 -2.16184831 -2.16184542 -2.16185593 -2.16184542
 -2.16184965 -2.16184542 -2.16185593 -2.16184542 -2.16184933 -2.16184542
 -2.16185593 -2.16184542 -2.16184947 -2.16184542 -2.16185593 -2.16184542
 -2.16184965]
MP2 corr. energy (DG) : [-0.06704799 -0.06706193 -0.06707431 -0.06706193 -0.06705481 -0.06706193
 -0.06707431 -0.06706193 -0.0669796  -0.06706193 -0.06707431 -0.06706193
 -0.0669872  -0.06706193 -0.06707431 -0.06706193 -0.06700599 -0.06706193
 -0.06707431 -0.06706193 -0.06704799 -0.06706193 -0.06707431 -0.06706193
 -0.06705481 -0.06706193 -0.06707431 -0.06706193 -0.06704799 -0.06706193
 -0.06707431 -0.06706193 -0.06702762 -0.06706193 -0.06707431 -0.06706193
 -0.06704532 -0.06706193 -0.06707431 -0.06706193 -0.06704799 -0.06706193
 -0.06707431 -0.06706193 -0.06705481 -0.06706193 -0.06707431 -0.06706193
 -0.06704799 -0.06706193 -0.06707431 -0.06706193 -0.0670483  -0.06706193
 -0.06707431 -0.06706193 -0.06704799 -0.06706193 -0.06707431 -0.06706193
 -0.06704799 -0.06706193 -0.06707431 -0.06706193 -0.06704337 -0.06706193
 -0.06707431 -0.06706193 -0.06704077 -0.06706193 -0.06707431 -0.06706193
 -0.0670483  -0.06706193 -0.06707431 -0.06706193 -0.06705467 -0.06706193
 -0.06707431 -0.06706193 -0.06705481 -0.06706193 -0.06707431 -0.06706193
 -0.0670092  -0.06706193 -0.06707431 -0.06706193 -0.06705481 -0.06706193
 -0.06707431 -0.06706193 -0.06704953 -0.06706193 -0.06707431 -0.06706193
 -0.06705467 -0.06706193 -0.06707431 -0.06706193 -0.06705481 -0.06706193
 -0.06707431 -0.06706193 -0.06704921 -0.06706193 -0.06707431 -0.06706193
 -0.06705481 -0.06706193 -0.06707431 -0.06706193 -0.06704953 -0.06706193
 -0.06707431 -0.06706193 -0.0670525  -0.06706193 -0.06707431 -0.06706193
 -0.06705481]
Rotation angle:[1.04719755]
Relative truncation in SVD:
0.7
AO basis:
631g
Shift along the X-coordinate: [0.   0.05 0.1  0.15 0.2  0.25 0.3  0.35 0.4  0.45 0.5  0.55 0.6  0.65
 0.7  0.75 0.8  0.85 0.9  0.95 1.   1.05 1.1  1.15 1.2  1.25 1.3  1.35
 1.4  1.45 1.5  1.55 1.6  1.65 1.7  1.75 1.8  1.85 1.9  1.95 2.   2.05
 2.1  2.15 2.2  2.25 2.3  2.35 2.4  2.45 2.5  2.55 2.6  2.65 2.7  2.75
 2.8  2.85 2.9  2.95 3.   3.05 3.1  3.15 3.2  3.25 3.3  3.35 3.4  3.45
 3.5  3.55 3.6  3.65 3.7  3.75 3.8  3.85 3.9  3.95 4.   4.05 4.1  4.15
 4.2  4.25 4.3  4.35 4.4  4.45 4.5  4.55 4.6  4.65 4.7  4.75 4.8  4.85
 4.9  4.95 5.   5.05 5.1  5.15 5.2  5.25 5.3  5.35 5.4  5.45 5.5  5.55
 5.6  5.65 5.7  5.75 5.8  5.85 5.9  5.95 6.  ]
Mean-field energy: [-2.15209706 -2.15207073 -2.1520444  -2.15207073 -2.15209706 -2.15207073
 -2.1520444  -2.15207073 -2.15209706 -2.15207073 -2.1520444  -2.15207073
 -2.15209706 -2.15207073 -2.1520444  -2.15207073 -2.15209706 -2.15207073
 -2.1520444  -2.15207073 -2.15209706 -2.15207073 -2.1520444  -2.15207073
 -2.15209706 -2.15207073 -2.1520444  -2.15207073 -2.15209706 -2.15207073
 -2.1520444  -2.15207073 -2.15209706 -2.15207073 -2.1520444  -2.15207073
 -2.15209706 -2.15207073 -2.1520444  -2.15207073 -2.15209706 -2.15207073
 -2.1520444  -2.15207073 -2.15209706 -2.15207073 -2.1520444  -2.15207073
 -2.15209706 -2.15207073 -2.1520444  -2.15207073 -2.15209706 -2.15207073
 -2.1520444  -2.15207073 -2.15209706 -2.15207073 -2.1520444  -2.15207073
 -2.15209706 -2.15207073 -2.1520444  -2.15207073 -2.15209706 -2.15207073
 -2.1520444  -2.15207073 -2.15209706 -2.15207073 -2.1520444  -2.15207073
 -2.15209706 -2.15207073 -2.1520444  -2.15207073 -2.15209706 -2.15207073
 -2.1520444  -2.15207073 -2.15209706 -2.15207073 -2.1520444  -2.15207073
 -2.15209706 -2.15207073 -2.1520444  -2.15207073 -2.15209706 -2.15207073
 -2.1520444  -2.15207073 -2.15209706 -2.15207073 -2.1520444  -2.15207073
 -2.15209706 -2.15207073 -2.1520444  -2.15207073 -2.15209706 -2.15207073
 -2.1520444  -2.15207073 -2.15209706 -2.15207073 -2.1520444  -2.15207073
 -2.15209706 -2.15207073 -2.1520444  -2.15207073 -2.15209706 -2.15207073
 -2.1520444  -2.15207073 -2.15209706 -2.15207073 -2.1520444  -2.15207073
 -2.15209706]
MP2 corr. energy : [-0.04189456 -0.04189249 -0.04189041 -0.04189249 -0.04189456 -0.04189249
 -0.04189041 -0.04189249 -0.04189456 -0.04189249 -0.04189041 -0.04189249
 -0.04189456 -0.04189249 -0.04189041 -0.04189249 -0.04189456 -0.04189249
 -0.04189041 -0.04189249 -0.04189456 -0.04189249 -0.04189041 -0.04189249
 -0.04189456 -0.04189249 -0.04189041 -0.04189249 -0.04189456 -0.04189249
 -0.04189041 -0.04189249 -0.04189456 -0.04189249 -0.04189041 -0.04189249
 -0.04189456 -0.04189249 -0.04189041 -0.04189249 -0.04189456 -0.04189249
 -0.04189041 -0.04189249 -0.04189456 -0.04189249 -0.04189041 -0.04189249
 -0.04189456 -0.04189249 -0.04189041 -0.04189249 -0.04189456 -0.04189249
 -0.04189041 -0.04189249 -0.04189456 -0.04189249 -0.04189041 -0.04189249
 -0.04189456 -0.04189249 -0.04189041 -0.04189249 -0.04189456 -0.04189249
 -0.04189041 -0.04189249 -0.04189456 -0.04189249 -0.04189041 -0.04189249
 -0.04189456 -0.04189249 -0.04189041 -0.04189249 -0.04189456 -0.04189249
 -0.04189041 -0.04189249 -0.04189456 -0.04189249 -0.04189041 -0.04189249
 -0.04189456 -0.04189249 -0.04189041 -0.04189249 -0.04189456 -0.04189249
 -0.04189041 -0.04189249 -0.04189456 -0.04189249 -0.04189041 -0.04189249
 -0.04189456 -0.04189249 -0.04189041 -0.04189249 -0.04189456 -0.04189249
 -0.04189041 -0.04189249 -0.04189456 -0.04189249 -0.04189041 -0.04189249
 -0.04189456 -0.04189249 -0.04189041 -0.04189249 -0.04189456 -0.04189249
 -0.04189041 -0.04189249 -0.04189456 -0.04189249 -0.04189041 -0.04189249
 -0.04189456]
Mean-field energy (DG): [-2.15617866 -2.15619184 -2.15622985 -2.15619184 -2.15617985 -2.15619184
 -2.15622985 -2.15619184 -2.15612106 -2.15619184 -2.15622985 -2.15619184
 -2.15612311 -2.15619184 -2.15622985 -2.15619184 -2.15614112 -2.15619184
 -2.15622985 -2.15619184 -2.15617866 -2.15619184 -2.15622985 -2.15619184
 -2.15617985 -2.15619184 -2.15622985 -2.15619184 -2.15617866 -2.15619184
 -2.15622985 -2.15619184 -2.15615982 -2.15619184 -2.15622985 -2.15619184
 -2.1561757  -2.15619184 -2.15622985 -2.15619184 -2.15617866 -2.15619184
 -2.15622985 -2.15619184 -2.15617985 -2.15619184 -2.15622985 -2.15619184
 -2.15617866 -2.15619184 -2.15622985 -2.15619184 -2.15617616 -2.15619184
 -2.15622985 -2.15619184 -2.15617866 -2.15619184 -2.15622985 -2.15619184
 -2.15617866 -2.15619184 -2.15622985 -2.15619184 -2.15617886 -2.15619184
 -2.15622985 -2.15619184 -2.15617826 -2.15619184 -2.15622985 -2.15619184
 -2.15617616 -2.15619184 -2.15622985 -2.15619184 -2.15617964 -2.15619184
 -2.15622985 -2.15619184 -2.15617985 -2.15619184 -2.15622985 -2.15619184
 -2.15613926 -2.15619184 -2.15622985 -2.15619184 -2.15617985 -2.15619184
 -2.15622985 -2.15619184 -2.15617958 -2.15619184 -2.15622985 -2.15619184
 -2.15617964 -2.15619184 -2.15622985 -2.15619184 -2.15617985 -2.15619184
 -2.15622985 -2.15619184 -2.1561773  -2.15619184 -2.15622985 -2.15619184
 -2.15617985 -2.15619184 -2.15622985 -2.15619184 -2.15617958 -2.15619184
 -2.15622985 -2.15619184 -2.15617961 -2.15619184 -2.15622985 -2.15619184
 -2.15617985]
MP2 corr. energy (DG) : [-0.04731909 -0.0473403  -0.0473503  -0.0473403  -0.04732672 -0.0473403
 -0.0473503  -0.0473403  -0.04717121 -0.0473403  -0.0473503  -0.0473403
 -0.04717445 -0.0473403  -0.0473503  -0.0473403  -0.04721809 -0.0473403
 -0.0473503  -0.0473403  -0.04731909 -0.0473403  -0.0473503  -0.0473403
 -0.04732672 -0.0473403  -0.0473503  -0.0473403  -0.04731909 -0.0473403
 -0.0473503  -0.0473403  -0.0472668  -0.0473403  -0.0473503  -0.0473403
 -0.04731169 -0.0473403  -0.0473503  -0.0473403  -0.04731909 -0.0473403
 -0.0473503  -0.0473403  -0.04732672 -0.0473403  -0.0473503  -0.0473403
 -0.04731909 -0.0473403  -0.0473503  -0.0473403  -0.04731374 -0.0473403
 -0.0473503  -0.0473403  -0.04731909 -0.0473403  -0.0473503  -0.0473403
 -0.04731909 -0.0473403  -0.0473503  -0.0473403  -0.04731556 -0.0473403
 -0.0473503  -0.0473403  -0.04731329 -0.0473403  -0.0473503  -0.0473403
 -0.04731374 -0.0473403  -0.0473503  -0.0473403  -0.04732535 -0.0473403
 -0.0473503  -0.0473403  -0.04732672 -0.0473403  -0.0473503  -0.0473403
 -0.04721487 -0.0473403  -0.0473503  -0.0473403  -0.04732672 -0.0473403
 -0.0473503  -0.0473403  -0.04732234 -0.0473403  -0.0473503  -0.0473403
 -0.04732535 -0.0473403  -0.0473503  -0.0473403  -0.04732672 -0.0473403
 -0.0473503  -0.0473403  -0.04731785 -0.0473403  -0.0473503  -0.0473403
 -0.04732672 -0.0473403  -0.0473503  -0.0473403  -0.04732234 -0.0473403
 -0.0473503  -0.0473403  -0.0473244  -0.0473403  -0.0473503  -0.0473403
 -0.04732672]
