Computing L-box effect for HF and MP2:
Box size:
[12, 12, 12] x [12, 12, 12] x [12, 12, 12]
Box discretization:
60 x 60 x 60
Rotation angle:[1.57079633]
Relative truncation in SVD:
0.85
AO basis:
augccpvdz
Shift along the X-coordinate: [0.   0.25 0.5  0.75 1.   1.25 1.5  1.75 2.   2.25 2.5  2.75 3.   3.25
 3.5  3.75 4.   4.25 4.5  4.75 5.   5.25 5.5  5.75 6.  ]
Mean-field energy: [-2.16621248 -2.16618668 -2.16616089 -2.16618668 -2.16621248 -2.16618668
 -2.16616089 -2.16618668 -2.16621248 -2.16618668 -2.16616089 -2.16618668
 -2.16621248 -2.16618668 -2.16616089 -2.16618668 -2.16621248 -2.16618668
 -2.16616089 -2.16618668 -2.16621248 -2.16618668 -2.16616089 -2.16618668
 -2.16621248]
MP2 corr. energy : [-0.06626694 -0.06626506 -0.06626319 -0.06626506 -0.06626694 -0.06626506
 -0.06626319 -0.06626506 -0.06626694 -0.06626506 -0.06626319 -0.06626506
 -0.06626694 -0.06626506 -0.06626319 -0.06626506 -0.06626694 -0.06626506
 -0.06626319 -0.06626506 -0.06626694 -0.06626506 -0.06626319 -0.06626506
 -0.06626694]
Mean-field energy (DG): [-2.16668263 -2.16658069 -2.16646599 -2.16644235 -2.16643825 -2.16629842
 -2.16627712 -2.16635013 -2.16652131 -2.16642768 -2.16633961 -2.16630601
 -2.16625177 -2.16621503 -2.16615955 -2.16611408 -2.16583818 -2.16533917
 -2.16611055 -2.16604017 -2.16603058 -2.16603439 -2.1660382  -2.16602991
 -2.16605443]
MP2 corr. energy (DG) : [-0.06989215 -0.06964975 -0.06949951 -0.06945143 -0.06937973 -0.06909808
 -0.06901896 -0.06890149 -0.068994   -0.0687998  -0.0685898  -0.06842705
 -0.06807912 -0.06792839 -0.06781018 -0.06770238 -0.06755318 -0.06727236
 -0.06720343 -0.06698982 -0.06677855 -0.06665465 -0.06665377 -0.06677885
 -0.06698761]
Rotation angle:[1.57079633]
Relative truncation in SVD:
0.7
AO basis:
6311++g
Shift along the X-coordinate: [0.   0.25 0.5  0.75 1.   1.25 1.5  1.75 2.   2.25 2.5  2.75 3.   3.25
 3.5  3.75 4.   4.25 4.5  4.75 5.   5.25 5.5  5.75 6.  ]
Mean-field energy: [-2.16235434 -2.1619735  -2.1615935  -2.1619735  -2.16235434 -2.1619735
 -2.1615935  -2.1619735  -2.16235434 -2.1619735  -2.1615935  -2.1619735
 -2.16235434 -2.1619735  -2.1615935  -2.1619735  -2.16235434 -2.1619735
 -2.1615935  -2.1619735  -2.16235434 -2.1619735  -2.1615935  -2.1619735
 -2.16235434]
MP2 corr. energy : [-0.04349908 -0.04346175 -0.04342455 -0.04346175 -0.04349908 -0.04346175
 -0.04342455 -0.04346175 -0.04349908 -0.04346175 -0.04342455 -0.04346175
 -0.04349908 -0.04346175 -0.04342455 -0.04346175 -0.04349908 -0.04346175
 -0.04342455 -0.04346175 -0.04349908 -0.04346175 -0.04342455 -0.04346175
 -0.04349908]
Mean-field energy (DG): [-2.16281388 -2.16252019 -2.16299074 -2.16185494 -2.1626871  -2.16339168
 -2.1634348  -2.16259939 -2.16187642 -2.16234687 -2.16295854 -2.16229922
 -2.16086396 -2.16171388 -2.16222696 -2.16171706 -2.16138313 -2.16189435
 -2.16220577 -2.16144531 -2.16048186 -2.16079642 -2.16125194 -2.16092931
 -2.16093055]
MP2 corr. energy (DG) : [-0.04818528 -0.04822075 -0.04802672 -0.04753044 -0.04736028 -0.04771444
 -0.04763386 -0.04736153 -0.04683484 -0.04662521 -0.04635215 -0.0458672
 -0.04544342 -0.04620886 -0.04604427 -0.04559604 -0.04519061 -0.04501403
 -0.04472758 -0.04431288 -0.04397049 -0.04388241 -0.04393807 -0.04400545
 -0.04421525]
Rotation angle:[1.57079633]
Relative truncation in SVD:
0.6
AO basis:
631++g
Shift along the X-coordinate: [0.   0.25 0.5  0.75 1.   1.25 1.5  1.75 2.   2.25 2.5  2.75 3.   3.25
 3.5  3.75 4.   4.25 4.5  4.75 5.   5.25 5.5  5.75 6.  ]
Mean-field energy: [-2.15862764 -2.1585208  -2.15841399 -2.1585208  -2.15862764 -2.1585208
 -2.15841399 -2.1585208  -2.15862764 -2.1585208  -2.15841399 -2.1585208
 -2.15862764 -2.1585208  -2.15841399 -2.1585208  -2.15862764 -2.1585208
 -2.15841399 -2.1585208  -2.15862764 -2.1585208  -2.15841399 -2.1585208
 -2.15862764]
MP2 corr. energy : [-0.04222518 -0.04221587 -0.04220658 -0.04221587 -0.04222518 -0.04221587
 -0.04220658 -0.04221587 -0.04222518 -0.04221587 -0.04220658 -0.04221587
 -0.04222518 -0.04221587 -0.04220658 -0.04221587 -0.04222518 -0.04221587
 -0.04220658 -0.04221587 -0.04222518 -0.04221587 -0.04220658 -0.04221587
 -0.04222518]
Mean-field energy (DG): [-2.16010703 -2.16049448 -2.15990689 -2.15891626 -2.15645936 -2.15233149
 -2.15405777 -2.15851783 -2.15841652 -2.15813502 -2.15840344 -2.15913538
 -2.15848664 -2.1564503  -2.15397957 -2.1530269  -2.15741305 -2.15883953
 -2.15811193 -2.15736783 -2.15618289 -2.15590154 -2.15593747 -2.15617217
 -2.15712116]
MP2 corr. energy (DG) : [-0.04716335 -0.04693034 -0.04643559 -0.04580374 -0.0451578  -0.04423455
 -0.04435121 -0.04586877 -0.04565414 -0.04513243 -0.04444073 -0.04374408
 -0.0431589  -0.04243137 -0.04166203 -0.04091573 -0.04130962 -0.04274454
 -0.04257377 -0.04223124 -0.04197037 -0.04188606 -0.04189204 -0.04196873
 -0.04218105]
Rotation angle:[1.57079633]
Relative truncation in SVD:
0.7
AO basis:
321++g
Shift along the X-coordinate: [0.   0.25 0.5  0.75 1.   1.25 1.5  1.75 2.   2.25 2.5  2.75 3.   3.25
 3.5  3.75 4.   4.25 4.5  4.75 5.   5.25 5.5  5.75 6.  ]
Mean-field energy: [-2.15902687 -2.15902614 -2.15902541 -2.15902614 -2.15902687 -2.15902614
 -2.15902541 -2.15902614 -2.15902687 -2.15902614 -2.15902541 -2.15902614
 -2.15902687 -2.15902614 -2.15902541 -2.15902614 -2.15902687 -2.15902614
 -2.15902541 -2.15902614 -2.15902687 -2.15902614 -2.15902541 -2.15902614
 -2.15902687]
MP2 corr. energy : [-0.04218778 -0.04218771 -0.04218764 -0.04218771 -0.04218778 -0.04218771
 -0.04218764 -0.04218771 -0.04218778 -0.04218771 -0.04218764 -0.04218771
 -0.04218778 -0.04218771 -0.04218764 -0.04218771 -0.04218778 -0.04218771
 -0.04218764 -0.04218771 -0.04218778 -0.04218771 -0.04218764 -0.04218771
 -0.04218778]
Mean-field energy (DG): [-2.16045216 -2.16120728 -2.16132713 -2.16025005 -2.15833576 -2.16027425
 -2.16039115 -2.15982073 -2.15899161 -2.16091412 -2.16125668 -2.16110332
 -2.16043806 -2.15859483 -2.15720801 -2.16029034 -2.16024288 -2.16009692
 -2.15970449 -2.15892359 -2.15827745 -2.15774448 -2.15770404 -2.15815732
 -2.15880581]
MP2 corr. energy (DG) : [-0.04715898 -0.04725686 -0.04695082 -0.0463621  -0.04584879 -0.0459797
 -0.04627726 -0.04601907 -0.04568324 -0.04523398 -0.04488782 -0.04425052
 -0.04361248 -0.0429511  -0.04263877 -0.04398137 -0.04345381 -0.04295149
 -0.04247836 -0.04201779 -0.04171356 -0.04158305 -0.04157179 -0.04167905
 -0.04195851]
Rotation angle:[1.57079633]
Relative truncation in SVD:
0.9
AO basis:
ccpvdz
Shift along the X-coordinate: [0.   0.25 0.5  0.75 1.   1.25 1.5  1.75 2.   2.25 2.5  2.75 3.   3.25
 3.5  3.75 4.   4.25 4.5  4.75 5.   5.25 5.5  5.75 6.  ]
Mean-field energy: [-2.16569417 -2.16566865 -2.16564314 -2.16566865 -2.16569417 -2.16566865
 -2.16564314 -2.16566865 -2.16569417 -2.16566865 -2.16564314 -2.16566865
 -2.16569417 -2.16566865 -2.16564314 -2.16566865 -2.16569417 -2.16566865
 -2.16564314 -2.16566865 -2.16569417 -2.16566865 -2.16564314 -2.16566865
 -2.16569417]
MP2 corr. energy : [-0.06298796 -0.06298598 -0.06298399 -0.06298598 -0.06298796 -0.06298598
 -0.06298399 -0.06298598 -0.06298796 -0.06298598 -0.06298399 -0.06298598
 -0.06298796 -0.06298598 -0.06298399 -0.06298598 -0.06298796 -0.06298598
 -0.06298399 -0.06298598 -0.06298796 -0.06298598 -0.06298399 -0.06298598
 -0.06298796]
Mean-field energy (DG): [-2.16630917 -2.16628784 -2.16618171 -2.16597713 -2.16592073 -2.16553037
 -2.16583781 -2.16591539 -2.16604516 -2.16600303 -2.16598915 -2.16586058
 -2.16579048 -2.16554528 -2.16548668 -2.16542187 -2.16508459 -2.1635734
 -2.15933573 -2.15563923 -2.16400994 -2.16530425 -2.16532295 -2.16525408
 -2.15612833]
MP2 corr. energy (DG) : [-0.06669352 -0.0664003  -0.06617326 -0.06594926 -0.06586501 -0.06583851
 -0.0656819  -0.06561178 -0.06560803 -0.06531232 -0.06509227 -0.06494832
 -0.06475249 -0.06464287 -0.06452672 -0.06440335 -0.06419886 -0.06375261
 -0.06293891 -0.06247047 -0.06304919 -0.0630703  -0.06306797 -0.06318781
 -0.06256823]
Rotation angle:[1.57079633]
Relative truncation in SVD:
0.7
AO basis:
6311g
Shift along the X-coordinate: [0.   0.25 0.5  0.75 1.   1.25 1.5  1.75 2.   2.25 2.5  2.75 3.   3.25
 3.5  3.75 4.   4.25 4.5  4.75 5.   5.25 5.5  5.75 6.  ]
Mean-field energy: [-2.16218273 -2.16179998 -2.16141807 -2.16179998 -2.16218273 -2.16179998
 -2.16141807 -2.16179998 -2.16218273 -2.16179998 -2.16141807 -2.16179998
 -2.16218273 -2.16179998 -2.16141807 -2.16179998 -2.16218273 -2.16179998
 -2.16141807 -2.16179998 -2.16218273 -2.16179998 -2.16141807 -2.16179998
 -2.16218273]
MP2 corr. energy : [-0.04341327 -0.04337557 -0.04333798 -0.04337557 -0.04341327 -0.04337557
 -0.04333798 -0.04337557 -0.04341327 -0.04337557 -0.04333798 -0.04337557
 -0.04341327 -0.04337557 -0.04333798 -0.04337557 -0.04341327 -0.04337557
 -0.04333798 -0.04337557 -0.04341327 -0.04337557 -0.04333798 -0.04337557
 -0.04341327]
Mean-field energy (DG): [-2.16105032 -2.16223856 -2.1628241  -2.16162934 -2.16086012 -2.16314984
 -2.16329511 -2.16221005 -2.16133745 -2.16207348 -2.16278888 -2.16212673
 -2.16039962 -2.15887389 -2.15713635 -2.16139354 -2.16112889 -2.16168162
 -2.16182713 -2.16098563 -2.16004332 -2.16040931 -2.1608625  -2.1605036
 -2.16046848]
MP2 corr. energy (DG) : [-0.04787181 -0.0478544  -0.04784083 -0.04734239 -0.04681375 -0.04749327
 -0.0472943  -0.04697976 -0.04660974 -0.04643838 -0.04615542 -0.04561772
 -0.04496064 -0.04418693 -0.04329148 -0.04508862 -0.04466891 -0.04415042
 -0.04340753 -0.04256106 -0.04202978 -0.04203092 -0.04210854 -0.04209133
 -0.04241164]
Rotation angle:[1.57079633]
Relative truncation in SVD:
0.7
AO basis:
631g
Shift along the X-coordinate: [0.   0.25 0.5  0.75 1.   1.25 1.5  1.75 2.   2.25 2.5  2.75 3.   3.25
 3.5  3.75 4.   4.25 4.5  4.75 5.   5.25 5.5  5.75 6.  ]
Mean-field energy: [-2.1576372  -2.15753133 -2.15742549 -2.15753133 -2.1576372  -2.15753133
 -2.15742549 -2.15753133 -2.1576372  -2.15753133 -2.15742549 -2.15753133
 -2.1576372  -2.15753133 -2.15742549 -2.15753133 -2.1576372  -2.15753133
 -2.15742549 -2.15753133 -2.1576372  -2.15753133 -2.15742549 -2.15753133
 -2.1576372 ]
MP2 corr. energy : [-0.04181665 -0.04180721 -0.04179777 -0.04180721 -0.04181665 -0.04180721
 -0.04179777 -0.04180721 -0.04181665 -0.04180721 -0.04179777 -0.04180721
 -0.04181665 -0.04180721 -0.04179777 -0.04180721 -0.04181665 -0.04180721
 -0.04179777 -0.04180721 -0.04181665 -0.04180721 -0.04179777 -0.04180721
 -0.04181665]
Mean-field energy (DG): [-2.15883595 -2.15932162 -2.15886155 -2.1579774  -2.15551085 -2.15213831
 -2.15730657 -2.1576336  -2.15746529 -2.1580366  -2.15882791 -2.15907846
 -2.1580552  -2.1562455  -2.15387247 -2.15201456 -2.15419367 -2.15653681
 -2.15572521 -2.15532124 -2.15500323 -2.15554755 -2.15565721 -2.15519315
 -2.15522267]
MP2 corr. energy (DG) : [-0.04708843 -0.04676865 -0.04625713 -0.0455979  -0.04496135 -0.04457932
 -0.04567841 -0.04580301 -0.04556183 -0.04490103 -0.04412212 -0.04352227
 -0.04299909 -0.04249811 -0.04180989 -0.04085681 -0.04056205 -0.04126091
 -0.04169926 -0.0412581  -0.04074107 -0.04054359 -0.04054148 -0.04070112
 -0.04114583]
Rotation angle:[1.57079633]
Relative truncation in SVD:
0.8
AO basis:
321g
Shift along the X-coordinate: [0.   0.25 0.5  0.75 1.   1.25 1.5  1.75 2.   2.25 2.5  2.75 3.   3.25
 3.5  3.75 4.   4.25 4.5  4.75 5.   5.25 5.5  5.75 6.  ]
Mean-field energy: [-2.15618729 -2.15618657 -2.15618585 -2.15618657 -2.15618729 -2.15618657
 -2.15618585 -2.15618657 -2.15618729 -2.15618657 -2.15618585 -2.15618657
 -2.15618729 -2.15618657 -2.15618585 -2.15618657 -2.15618729 -2.15618657
 -2.15618585 -2.15618657 -2.15618729 -2.15618657 -2.15618585 -2.15618657
 -2.15618729]
MP2 corr. energy : [-0.04175557 -0.0417555  -0.04175542 -0.0417555  -0.04175557 -0.0417555
 -0.04175542 -0.0417555  -0.04175557 -0.0417555  -0.04175542 -0.0417555
 -0.04175557 -0.0417555  -0.04175542 -0.0417555  -0.04175557 -0.0417555
 -0.04175542 -0.0417555  -0.04175557 -0.0417555  -0.04175542 -0.0417555
 -0.04175557]
Mean-field energy (DG): [-2.15955395 -2.15981804 -2.16012474 -2.16001954 -2.15979667 -2.15906977
 -2.15878474 -2.15852765 -2.15847493 -2.15863167 -2.15878766 -2.1585382
 -2.15802147 -2.15704919 -2.15696883 -2.15744773 -2.15746432 -2.15731949
 -2.15697706 -2.15623213 -2.15573251 -2.15529479 -2.15527072 -2.15565221
 -2.15615215]
MP2 corr. energy (DG) : [-0.04764339 -0.0474378  -0.0469865  -0.04647357 -0.04621612 -0.04622471
 -0.0464686  -0.04637465 -0.0461537  -0.04580348 -0.04525694 -0.04463072
 -0.04443256 -0.04464645 -0.0444524  -0.04398835 -0.04340228 -0.04284809
 -0.0423051  -0.04178649 -0.04144024 -0.04129827 -0.04128877 -0.04141043
 -0.04171845]
