SV tolerance: 0.001
Hydrogen chain to H2
Number of AO's: 
[150. 140. 130. 120. 110. 100.  90.  80.  70.  60.  50.  40.  30.  20.
  10.]
nnz_eri: 
[1.8738345e+07 1.6601458e+07 1.4489028e+07 1.2438213e+07 1.0480927e+07
 8.5698110e+06 6.8110690e+06 5.1543900e+06 3.6955260e+06 2.4313650e+06
 1.4189140e+06 6.9285800e+05 2.4418300e+05 4.9229000e+04 3.0430000e+03]
Lambda: 
[1699.54782277 1572.46783095 1442.09436405 1317.87355396 1190.23737611
 1056.87271055  930.89962537  803.69840178  677.72215218  552.63411627
  429.12914527  309.17216939  196.65392225   97.76759009   27.696236  ]
Number of AO's (DG): 
[526. 489. 453. 417. 384. 348. 311. 275. 239. 206. 170. 133.  97.  61.
  20.]
nnz_eri (DG): 
[2.5268103e+07 2.2166621e+07 1.9727513e+07 1.7301640e+07 1.5246555e+07
 1.2932655e+07 1.0647087e+07 8.7200060e+06 6.8363000e+06 5.3672790e+06
 3.7629600e+06 2.2288020e+06 1.1879190e+06 4.0668800e+05 1.7481000e+04]
Lambda (DG): 
 [25231.82972226 23136.53759302 21438.26324203 19744.90250308
 18124.67985293 16144.37596481 14350.14554626 12466.80473745
 10587.80536538  9026.79903799  7325.84270153  5297.20521858
  3589.79922154  1867.08112892   225.40488542]
nnz_eri (PW): 
[8.91136e+09 7.88544e+09 6.92224e+09 6.02176e+09 5.18400e+09 4.30336e+09
 3.60000e+09 2.95936e+09 2.38144e+09 1.86624e+09 1.35424e+09 9.73440e+08
 6.55360e+08 4.00000e+08 2.07360e+08]
