SV tolerance: 0.1
Hydrogen chain to H2
Number of AO's: 
[150. 140. 130. 120. 110. 100.  90.  80.  70.  60.  50.  40.  30.  20.
  10.]
nnz_eri: 
[1.12192797e+08 8.63204240e+07 6.53834210e+07 4.72671080e+07
 3.31717890e+07 2.30571970e+07 1.53677500e+07 9.77772400e+06
 5.64304200e+06 3.07643400e+06 1.49743800e+06 6.03174000e+05
 1.89401000e+05 3.66230000e+04 2.09600000e+03]
Lambda: 
[9.62698403e+04 8.06111566e+04 6.63228920e+04 5.33837367e+04
 4.14364568e+04 3.24249857e+04 2.47086325e+04 1.79456051e+04
 1.20435818e+04 8.31806208e+03 5.26938057e+03 2.82387415e+03
 1.22780311e+03 4.22103846e+02 5.77140074e+01]
Number of AO's (DG): 
[423. 395. 365. 335. 307. 279. 251. 221. 192. 164. 135. 105.  76.  49.
  19.]
nnz_eri (DG): 
[9128698. 8333839. 7455234. 6426659. 5639336. 4921689. 4268029. 3433720.
 2727256. 2068795. 1457037.  863709.  437141.  170870.   14314.]
Lambda (DG): 
 [9976.05708271 9376.07236055 8697.98773649 7871.98457568 7103.44374638
 6586.3814295  6089.71116432 5181.30161742 4480.46761678 3648.60228229
 2983.88048167 2135.97235288 1422.8580448   851.60493101  153.82907214]
nnz_eri (PW): 
[8.91136e+09 7.88544e+09 6.92224e+09 6.02176e+09 5.18400e+09 4.30336e+09
 3.60000e+09 2.95936e+09 2.38144e+09 1.86624e+09 1.35424e+09 9.73440e+08
 6.55360e+08 4.00000e+08 2.07360e+08]
