SV tolerance: 0.01
Hydrogen chain to H30
Number of AO's: 
[ 10.  20.  30.  40.  50.  60.  70.  80.  90. 100. 110. 120. 130. 140.
 150.]
nnz_eri: 
[1.00000000e+04 1.60000000e+05 8.10000000e+05 2.56000000e+06
 6.16004600e+06 1.19431380e+07 2.02490360e+07 3.15388520e+07
 4.57489380e+07 6.27203200e+07 8.25841680e+07 1.05144484e+08
 1.30411174e+08 1.58407310e+08 1.89108572e+08]
Lambda: 
[   325.9797476    2310.31047321   5881.83370483  11103.99976593
  18366.14240524  28722.27585364  41638.25090012  57980.34509599
  78199.1322003  102745.16033694 134048.19302863 168991.96436168
 209663.32379662 256508.48810451 309975.3069959 ]
Number of AO's (DG): 
[ 20.  53.  85. 112. 143. 174. 203. 233. 260. 291. 322. 351. 381. 408.
 439.]
nnz_eri (DG): 
[4.0000000e+04 5.0552100e+05 1.5055090e+06 2.5726860e+06 4.3470610e+06
 6.5837180e+06 8.9931990e+06 1.1935587e+07 1.4682452e+07 1.8598507e+07
 2.2978728e+07 2.7316397e+07 3.2289337e+07 3.6713624e+07 4.2772781e+07]
Lambda (DG): 
 [   435.64137449   2855.02580195   6269.58461066   9686.3175914
  14362.13393071  20727.27129964  27820.0379947   36620.41345084
  45921.06324527  58067.7495133   73083.1531061   88940.36492409
 107337.73153537 126873.36113326 150738.6523691 ]
nnz_eri (PW): 
[2.07360e+08 4.00000e+08 6.55360e+08 9.73440e+08 1.35424e+09 1.86624e+09
 2.38144e+09 2.95936e+09 3.60000e+09 4.30336e+09 5.18400e+09 6.02176e+09
 6.92224e+09 7.88544e+09 8.91136e+09]
