SV tolerance: 0.01
Hydrogen chain to H2
Number of AO's: 
[150. 140. 130. 120. 110. 100.  90.  80.  70.  60.  50.  40.  30.  20.
  10.]
nnz_eri: 
[1.12192797e+08 8.63204240e+07 6.53834210e+07 4.72671080e+07
 3.31717890e+07 2.30571970e+07 1.53677500e+07 9.77772400e+06
 5.64304200e+06 3.07643400e+06 1.49743800e+06 6.03174000e+05
 1.89401000e+05 3.66230000e+04 2.09600000e+03]
Lambda: 
[9.62698403e+04 8.06111566e+04 6.63228920e+04 5.33837367e+04
 4.14364568e+04 3.24249857e+04 2.47086325e+04 1.79456051e+04
 1.20435818e+04 8.31806208e+03 5.26938057e+03 2.82387415e+03
 1.22780311e+03 4.22103846e+02 5.77140074e+01]
Number of AO's (DG): 
[464. 434. 404. 370. 340. 306. 276. 246. 211. 181. 148. 118.  87.  52.
  20.]
nnz_eri (DG): 
[13328497. 12297456. 11195888.  9613526.  8453047.  7137034.  6272693.
  5228162.  3950200.  3023056.  2087681.  1380872.   740512.   222983.
    17480.]
Lambda (DG): 
 [13399.43026039 12602.83094425 11892.84923486 10765.64395529
  9717.01147905  8783.33299947  8096.97427211  7152.13788732
  5942.77192421  4881.98765533  3942.20055399  3006.10294837
  2144.7023263   1102.30384891   179.52485155]
nnz_eri (PW): 
[8.91136e+09 7.88544e+09 6.92224e+09 6.02176e+09 5.18400e+09 4.30336e+09
 3.60000e+09 2.95936e+09 2.38144e+09 1.86624e+09 1.35424e+09 9.73440e+08
 6.55360e+08 4.00000e+08 2.07360e+08]
