SV tolerance: 0.1
Hydrogen chain to H30
Number of AO's: 
[ 10.  20.  30.  40.  50.  60.  70.  80.  90. 100. 110. 120. 130. 140.
 150.]
nnz_eri: 
[1.00000000e+04 1.60000000e+05 8.10000000e+05 2.55955000e+06
 6.16014400e+06 1.19414740e+07 2.02453620e+07 3.15382140e+07
 4.57495440e+07 6.27228000e+07 8.25868000e+07 1.05144496e+08
 1.30412154e+08 1.58407342e+08 1.89107206e+08]
Lambda: 
[   325.9797476    2310.31047321   5881.83370483  11103.99976593
  18366.14240524  28722.27585364  41638.25090012  57980.34509599
  78199.1322003  102745.16033694 134048.19302863 168991.96436168
 209663.32379662 256508.48810451 309975.3069959 ]
Number of AO's (DG): 
[ 19.  43.  67.  88. 111. 135. 159. 183. 204. 227. 251. 275. 299. 320.
 343.]
nnz_eri (DG): 
[   32761.   219961.   573045.   952466.  1549893.  2349607.  3315513.
  4446871.  5418292.  6742191.  8320615. 10064751. 11973851. 13536576.
 15587535.]
Lambda (DG): 
 [  382.26869566  1541.22647092  3218.20807142  5039.96955874
  7471.84027053 10942.27380809 15057.11119937 20227.70240004
 25557.19994126 32444.20138725 41059.35357283 50681.10796713
 61768.34746955 73273.05956143 87036.32838789]
nnz_eri (PW): 
[2.07360e+08 4.00000e+08 6.55360e+08 9.73440e+08 1.35424e+09 1.86624e+09
 2.38144e+09 2.95936e+09 3.60000e+09 4.30336e+09 5.18400e+09 6.02176e+09
 6.92224e+09 7.88544e+09 8.91136e+09]
