SV tolerance: 0.01
Hydrogen chain to H30
Number of AO's: 
[ 10.  20.  30.  40.  50.  60.  70.  80.  90. 100. 110. 120. 130. 140.
 150.]
nnz_eri: 
[3.0030000e+03 4.9217000e+04 2.2169300e+05 5.5270000e+05 1.0275640e+06
 1.6391580e+06 2.3630540e+06 3.2040170e+06 4.1558810e+06 5.2368270e+06
 6.4506640e+06 7.7729030e+06 9.2208730e+06 1.0786500e+07 1.2486886e+07]
Lambda: 
[   213.20260157   1581.03773034   3908.94604677   7273.51445723
  11850.35916414  18536.53023019  26603.98120649  36815.08471013
  49537.76559597  64899.44255718  84752.76781219 106644.12579326
 132067.8809603  161753.18879495 195307.7930918 ]
Number of AO's (DG): 
[ 20.  53.  85. 112. 143. 174. 203. 233. 260. 291. 322. 351. 381. 408.
 439.]
nnz_eri (DG): 
[   17468.   234328.   694985.  1171928.  1956051.  2833038.  3761172.
  4809564.  5661020.  6877267.  8110466.  9291797. 10578546. 11785116.
 13148669.]
Lambda (DG): 
 [  214.60719888  1320.57421658  2666.82193607  3592.72274433
  4687.83394271  5980.21105961  7174.35133102  8505.55272472
  9363.61463752 10548.24061219 11787.53290355 12952.55109864
 14082.96736764 15019.65902172 16164.0425337 ]
nnz_eri (PW): 
[2.07360e+08 4.00000e+08 6.55360e+08 9.73440e+08 1.35424e+09 1.86624e+09
 2.38144e+09 2.95936e+09 3.60000e+09 4.30336e+09 5.18400e+09 6.02176e+09
 6.92224e+09 7.88544e+09 8.91136e+09]
