SV tolerance: 0.1
Hydrogen chain to H30
Number of AO's: 
[ 10.  20.  30.  40.  50.  60.  70.  80.  90. 100. 110. 120. 130. 140.
 150.]
nnz_eri: 
[1.00000000e+04 1.59908000e+05 8.09998000e+05 2.55999600e+06
 6.15980600e+06 1.19433380e+07 2.02488740e+07 3.15389520e+07
 4.57497900e+07 6.27222480e+07 8.25874580e+07 1.05144500e+08
 1.30411054e+08 1.58407334e+08 1.89107382e+08]
Lambda: 
[   325.9797476    2310.31047321   5881.83370483  11103.99976593
  18366.14240524  28722.27585364  41638.25090012  57980.34509599
  78199.1322003  102745.16033694 134048.19302863 168991.96436168
 209663.32379662 256508.48810451 309975.3069959 ]
Number of AO's (DG): 
[ 19.  43.  67.  88. 111. 135. 159. 183. 204. 227. 251. 275. 299. 320.
 343.]
nnz_eri (DG): 
[  14355.  102153.  264499.  432001.  700289. 1012817. 1379657. 1775517.
 2060951. 2476071. 2895081. 3364932. 3843537. 4267078. 4699467.]
Lambda (DG): 
 [ 187.15320971  624.02684889 1157.72952686 1552.67902824 1982.67046337
 2511.38145316 3018.93575822 3632.80917795 3992.32945253 4496.80780163
 4965.72397214 5471.23968024 5969.41961926 6372.4940323  6827.39792578]
nnz_eri (PW): 
[2.07360e+08 4.00000e+08 6.55360e+08 9.73440e+08 1.35424e+09 1.86624e+09
 2.38144e+09 2.95936e+09 3.60000e+09 4.30336e+09 5.18400e+09 6.02176e+09
 6.92224e+09 7.88544e+09 8.91136e+09]
