SV tolerance: 0.001
Hydrogen chain to H30
Number of AO's: 
[ 10.  20.  30.  40.  50.  60.  70.  80.  90. 100. 110. 120. 130. 140.
 150.]
nnz_eri: 
[3.0030000e+03 4.9217000e+04 2.2169300e+05 5.5270000e+05 1.0275640e+06
 1.6391580e+06 2.3630540e+06 3.2040170e+06 4.1558810e+06 5.2368270e+06
 6.4506640e+06 7.7729030e+06 9.2208730e+06 1.0786500e+07 1.2486886e+07]
Lambda: 
[   213.20260157   1581.03773034   3908.94604677   7273.51445723
  11850.35916414  18536.53023019  26603.98120649  36815.08471013
  49537.76559597  64899.44255718  84752.76781219 106644.12579326
 132067.8809603  161753.18879495 195307.7930918 ]
Number of AO's (DG): 
[ 20.  62.  95. 123. 156. 190. 222. 255. 283. 316. 350. 382. 415. 443.
 476.]
nnz_eri (DG): 
[1.7468000e+04 4.3399500e+05 1.0465620e+06 1.7025410e+06 2.7295160e+06
 3.9779490e+06 5.3071420e+06 6.8199140e+06 7.9366250e+06 9.5379590e+06
 1.1291466e+07 1.3003805e+07 1.4856095e+07 1.6427230e+07 1.8218729e+07]
Lambda (DG): 
 [  214.60719888  2007.78568395  3652.23184429  4800.26934954
  6127.88484049  7894.79379781  9520.85503734 11376.31352575
 12403.30671748 13883.7023716  15550.02763215 17153.09499609
 18763.92844732 19895.67413726 21308.16439659]
nnz_eri (PW): 
[2.07360e+08 4.00000e+08 6.55360e+08 9.73440e+08 1.35424e+09 1.86624e+09
 2.38144e+09 2.95936e+09 3.60000e+09 4.30336e+09 5.18400e+09 6.02176e+09
 6.92224e+09 7.88544e+09 8.91136e+09]
