SV tolerance: 0.1
Hydrogen chain to H30
Number of AO's: 
[ 10.  20.  30.  40.  50.  60.  70.  80.  90. 100. 110. 120. 130. 140.
 150.]
nnz_eri: 
[9.99800000e+03 1.60000000e+05 8.09998000e+05 2.55992000e+06
 6.15986600e+06 1.19431280e+07 2.02493000e+07 3.15392660e+07
 4.57478620e+07 6.27174840e+07 8.25881280e+07 1.05144478e+08
 1.30411632e+08 1.58407338e+08 1.89107906e+08]
Lambda: 
[   325.9797476    2310.31047321   5881.83370483  11103.99976593
  18366.14240524  28722.27585364  41638.25090012  57980.34509599
  78199.1322003  102745.16033694 134048.19302863 168991.96436168
 209663.32379662 256508.48810451 309975.3069959 ]
Number of AO's (DG): 
[ 19.  43.  67.  88. 111. 135. 159. 183. 204. 227. 251. 275. 299. 320.
 343.]
nnz_eri (DG): 
[  24661.  138997.  336273.  537702.  855429. 1276007. 1779713. 2366123.
 2863552. 3544519. 4354467. 5247271. 6222561. 7015644. 8060133.]
Lambda (DG): 
 [  312.01740085  1144.73278501  2277.60055908  3431.0963602
  4936.74733109  7041.84908188  9474.28350866 12478.2124878
 15462.70443461 19323.43292145 24092.78999134 29371.94870984
 35415.78080691 41591.29616495 48973.45097812]
