SV tolerance: 0.001
Hydrogen chain to H30
Number of AO's: 
[ 10.  20.  30.  40.  50.  60.  70.  80.  90. 100. 110. 120. 130. 140.
 150.]
nnz_eri: 
[1.00000000e+04 1.60000000e+05 8.10000000e+05 2.56000000e+06
 6.16000400e+06 1.19429220e+07 2.02450860e+07 3.15390220e+07
 4.57476180e+07 6.27192580e+07 8.25878220e+07 1.05144490e+08
 1.30412102e+08 1.58407310e+08 1.89106308e+08]
Lambda: 
[   325.9797476    2310.31047321   5881.83370483  11103.99976593
  18366.14240524  28722.27585364  41638.25090012  57980.34509599
  78199.1322003  102745.16033694 134048.19302863 168991.96436168
 209663.32379662 256508.48810451 309975.3069959 ]
Number of AO's (DG): 
[ 20.  62.  95. 123. 156. 190. 222. 255. 283. 316. 350. 382. 415. 443.
 476.]
nnz_eri (DG): 
[3.0000000e+04 5.8216000e+05 1.3437060e+06 2.1184390e+06 3.3642720e+06
 5.0410510e+06 6.8229660e+06 9.0166980e+06 1.0878175e+07 1.3513922e+07
 1.6693865e+07 1.9821730e+07 2.3447244e+07 2.6394043e+07 3.0420754e+07]
Lambda (DG): 
 [   355.14322578   3143.59029184   6003.12670208   8677.45359167
  12206.0942637   17189.88442376  22575.16304234  29095.367294
  35245.5088615   43401.73678427  53676.79448956  64450.37255643
  76828.3825472   89067.83427546 104179.22090169]
