SV tolerance: 0.001
Hydrogen chain to H2
Number of AO's: 
[150. 140. 130. 120. 110. 100.  90.  80.  70.  60.  50.  40.  30.  20.
  10.]
nnz_eri: 
[1.12192797e+08 8.63204240e+07 6.53834210e+07 4.72671080e+07
 3.31717890e+07 2.30571970e+07 1.53677500e+07 9.77772400e+06
 5.64304200e+06 3.07643400e+06 1.49743800e+06 6.03174000e+05
 1.89401000e+05 3.66230000e+04 2.09600000e+03]
Lambda: 
[9.62698403e+04 8.06111566e+04 6.63228920e+04 5.33837367e+04
 4.14364568e+04 3.24249857e+04 2.47086325e+04 1.79456051e+04
 1.20435818e+04 8.31806208e+03 5.26938057e+03 2.82387415e+03
 1.22780311e+03 4.22103846e+02 5.77140074e+01]
Number of AO's (DG): 
[543. 505. 469. 431. 393. 359. 321. 285. 248. 210. 175. 137. 101.  64.
  20.]
nnz_eri (DG): 
[2.5040344e+07 2.2836012e+07 2.0445005e+07 1.8003276e+07 1.5409782e+07
 1.3616718e+07 1.1648658e+07 9.5383400e+06 7.7454670e+06 5.6489910e+06
 4.0880950e+06 2.5632770e+06 1.3654980e+06 5.1757100e+05 1.7480000e+04]
Lambda (DG): 
 [22904.52819344 21457.38809366 19918.48407653 18308.35093095
 16218.94746646 15072.77238955 13662.16923201 11891.35991295
 10555.52689414  8224.92088451  6785.85988113  5035.65225138
  3510.86522738  2127.22169227   179.52485155]
nnz_eri (PW): 
[8.91136e+09 7.88544e+09 6.92224e+09 6.02176e+09 5.18400e+09 4.30336e+09
 3.60000e+09 2.95936e+09 2.38144e+09 1.86624e+09 1.35424e+09 9.73440e+08
 6.55360e+08 4.00000e+08 2.07360e+08]
