SV tolerance: 0.001
Hydrogen chain to H2
Number of AO's: 
[100.  90.  80.  70.  60.  50.  40.  30.  20.  10.]
nnz_eri: 
[6.2721588e+07 4.5749796e+07 3.1538542e+07 2.0245722e+07 1.1942706e+07
 6.1575460e+06 2.5598040e+06 8.1000000e+05 1.6000000e+05 1.0000000e+04]
Lambda: 
[102745.16033694  78199.1322003   57980.34509599  41638.25090012
  28722.27585364  18366.14240524  11103.99976593   5881.83370483
   2310.31047321    325.9797476 ]
Number of AO's (DG): 
[316. 283. 255. 222. 190. 156. 123.  95.  62.  20.]
nnz_eri (DG): 
[9537959. 7936625. 6819914. 5307142. 3977949. 2729516. 1702541. 1046562.
  433995.   17468.]
Lambda (DG): 
 [13883.7023716  12403.30671748 11376.31352575  9520.85503734
  7894.79379781  6127.88484049  4800.26934954  3652.23184429
  2007.78568395   214.60719888]
nnz_eri (PW): 
[4.30336e+09 3.60000e+09 2.95936e+09 2.38144e+09 1.86624e+09 1.35424e+09
 9.73440e+08 6.55360e+08 4.00000e+08 2.07360e+08]
SV tolerance: 0.01
Hydrogen chain to H2
Number of AO's: 
[100.  90.  80.  70.  60.  50.  40.  30.  20.  10.]
nnz_eri: 
[6.2720270e+07 4.5746816e+07 3.1539008e+07 2.0248788e+07 1.1942576e+07
 6.1603240e+06 2.5595380e+06 8.1000000e+05 1.6000000e+05 1.0000000e+04]
Lambda: 
[102745.16033694  78199.1322003   57980.34509599  41638.25090012
  28722.27585364  18366.14240524  11103.99976593   5881.83370483
   2310.31047321    325.9797476 ]
Number of AO's (DG): 
[291. 260. 233. 203. 174. 143. 112.  85.  53.  20.]
nnz_eri (DG): 
[6877267. 5661020. 4809564. 3761172. 2833038. 1956051. 1171928.  694985.
  234328.   17468.]
Lambda (DG): 
 [10548.24061219  9363.61463752  8505.55272472  7174.35133102
  5980.21105961  4687.83394271  3592.72274433  2666.82193607
  1320.57421658   214.60719888]
nnz_eri (PW): 
[4.30336e+09 3.60000e+09 2.95936e+09 2.38144e+09 1.86624e+09 1.35424e+09
 9.73440e+08 6.55360e+08 4.00000e+08 2.07360e+08]
SV tolerance: 0.1
Hydrogen chain to H2
Number of AO's: 
[100.  90.  80.  70.  60.  50.  40.  30.  20.  10.]
nnz_eri: 
[6.2720870e+07 4.5749654e+07 3.1538692e+07 2.0249144e+07 1.1943600e+07
 6.1600720e+06 2.5600000e+06 8.1000000e+05 1.5992000e+05 1.0000000e+04]
Lambda: 
[102745.16033694  78199.1322003   57980.34509599  41638.25090012
  28722.27585364  18366.14240524  11103.99976593   5881.83370483
   2310.31047321    325.9797476 ]
Number of AO's (DG): 
[227. 204. 183. 159. 135. 111.  88.  67.  43.  19.]
nnz_eri (DG): 
[2476071. 2060951. 1775517. 1379657. 1012817.  700289.  432001.  264499.
  102153.   14355.]
Lambda (DG): 
 [4496.80780163 3992.32945253 3632.80917795 3018.93575822 2511.38145316
 1982.67046337 1552.67902824 1157.72952686  624.02684889  187.15320971]
nnz_eri (PW): 
[4.30336e+09 3.60000e+09 2.95936e+09 2.38144e+09 1.86624e+09 1.35424e+09
 9.73440e+08 6.55360e+08 4.00000e+08 2.07360e+08]
