SV tolerance: 0.01
Hydrogen chain to H30
Number of AO's: 
[ 10.  20.  30.  40.  50.  60.  70.  80.  90. 100. 110. 120. 130. 140.
 150.]
nnz_eri: 
[1.00000000e+04 1.60000000e+05 8.10000000e+05 2.56000000e+06
 6.16031400e+06 1.19438120e+07 2.02460380e+07 3.15385060e+07
 4.57482700e+07 6.27212080e+07 8.25890560e+07 1.05144474e+08
 1.30411168e+08 1.58407256e+08 1.89108630e+08]
Lambda: 
[   325.9797476    2310.31047321   5881.83370483  11103.99976593
  18366.14240524  28722.27585364  41638.25090012  57980.34509599
  78199.1322003  102745.16033694 134048.19302863 168991.96436168
 209663.32379662 256508.48810451 309975.3069959 ]
Number of AO's (DG): 
[ 20.  53.  85. 112. 143. 174. 203. 233. 260. 291. 322. 351. 381. 408.
 439.]
nnz_eri (DG): 
[   30000.   318882.   886602.  1460278.  2405541.  3581937.  4838150.
  6363508.  7777028.  9793137. 12041327. 14261618. 16802260. 19054492.
 22142145.]
Lambda (DG): 
 [  355.14322578  2155.95958599  4529.10469479  6757.31013804
  9728.14020515 13681.5385697  17957.33232659 23147.73305353
 28442.98557807 35353.98539051 43800.92958413 52602.02378188
 62715.43442096 73304.98060573 86234.91879561]
